s 6 143
s 10 125
s 12 12
s 16 59
s 17 38
s 23 143
s 26 67
s 42 92
s 56 4
s 58 2
s 60 175
s 62 3
s 70 127
s 72 176
s 76 41
1 2 156
1 5 93
1 7 23
1 9 152
1 12 191
1 16 145
1 21 24
1 25 99
1 29 165
1 40 59
1 53 111
1 59 109
1 68 10
1 70 38
1 71 12
1 79 78
1 89 157
2 1 156
2 3 60
2 7 9
2 18 80
2 22 143
2 25 31
2 35 136
2 42 108
2 43 133
2 45 134
2 58 22
2 59 134
2 60 113
2 61 46
2 66 8
2 76 13
2 77 191
2 95 124
2 97 123
3 2 60
3 10 185
3 13 157
3 16 31
3 17 50
3 19 126
3 26 37
3 29 63
3 34 171
3 36 131
3 38 134
3 41 98
3 47 137
3 71 31
3 73 156
3 81 60
3 95 19
4 6 49
4 7 14
4 11 108
4 12 131
4 22 109
4 28 113
4 31 2
4 39 57
4 40 166
4 47 14
4 50 44
4 55 92
4 56 148
4 57 171
4 62 174
4 63 174
4 69 81
4 70 162
4 79 189
4 81 16
4 83 9
4 84 7
4 86 119
4 94 93
5 1 93
5 21 181
5 23 165
5 41 17
5 53 24
5 55 9
5 60 167
5 61 55
5 78 54
5 79 156
5 90 10
5 99 19
6 4 49
6 7 106
6 9 108
6 10 51
6 26 19
6 27 108
6 31 157
6 33 67
6 34 108
6 43 108
6 46 162
6 48 78
6 58 88
6 62 127
6 64 143
6 68 184
6 69 25
6 80 66
6 81 166
6 82 186
6 88 38
7 1 23
7 2 9
7 4 14
7 6 106
7 13 155
7 21 39
7 35 191
7 36 43
7 41 54
7 49 126
7 52 131
7 58 191
7 65 28
7 67 90
7 72 72
7 73 96
7 74 38
7 84 15
7 93 118
7 96 39
8 16 105
8 29 57
8 45 128
8 49 100
8 59 112
8 62 177
8 73 174
8 78 106
8 88 98
8 91 46
8 92 111
9 1 152
9 6 108
9 12 80
9 13 50
9 30 110
9 33 53
9 34 21
9 35 75
9 36 12
9 37 47
9 39 184
9 44 1
9 51 112
9 58 135
9 65 185
9 71 42
9 72 173
9 73 109
9 98 10
10 3 185
10 6 51
10 12 132
10 22 137
10 29 108
10 32 140
10 51 163
10 54 45
10 55 90
10 65 29
10 67 79
10 73 123
10 74 126
10 92 148
10 94 31
10 97 26
11 4 108
11 13 105
11 24 140
11 29 179
11 36 131
11 43 182
11 53 167
11 54 30
11 62 77
11 77 97
11 98 65
11 99 103
12 1 191
12 4 131
12 9 80
12 10 132
12 15 121
12 19 37
12 20 143
12 22 186
12 28 100
12 29 83
12 31 2
12 37 180
12 49 53
12 52 196
12 61 89
12 66 162
12 69 59
12 70 84
12 77 41
12 92 68
12 97 74
13 3 157
13 7 155
13 9 50
13 11 105
13 17 74
13 20 131
13 37 186
13 40 192
13 51 181
13 52 182
13 60 19
13 94 157
14 22 73
14 34 123
14 37 132
14 53 74
14 55 16
14 56 46
14 57 46
14 59 190
14 64 40
14 76 28
14 81 119
14 87 32
14 90 46
15 12 121
15 45 77
15 49 130
15 51 181
15 53 179
15 55 134
15 60 96
15 64 48
15 67 59
15 68 2
15 69 17
15 70 22
15 71 102
15 72 144
15 73 143
15 75 12
15 81 27
15 84 9
15 87 142
15 88 106
15 90 21
15 95 140
15 97 23
16 1 145
16 3 31
16 8 105
16 20 39
16 33 82
16 36 197
16 39 67
16 40 133
16 46 148
16 53 168
16 57 175
16 58 57
16 68 47
16 78 29
16 89 176
16 90 108
16 99 38
17 3 50
17 13 74
17 19 91
17 22 106
17 32 49
17 38 157
17 39 129
17 46 178
17 49 15
17 56 194
17 63 180
17 78 182
17 84 44
17 87 199
17 90 104
17 93 58
18 2 80
18 24 126
18 32 126
18 47 102
18 55 58
18 64 132
18 65 171
18 71 46
18 73 34
18 75 24
18 77 13
18 79 159
18 84 140
18 92 68
19 3 126
19 12 37
19 17 91
19 34 97
19 35 118
19 39 114
19 42 107
19 52 124
19 60 191
19 65 23
19 73 160
19 79 130
19 85 50
19 87 138
19 88 115
19 94 178
19 96 156
19 98 37
20 12 143
20 13 131
20 16 39
20 27 103
20 29 117
20 37 67
20 41 162
20 51 136
20 67 126
20 80 186
21 1 24
21 5 181
21 7 39
21 22 146
21 24 142
21 55 108
21 57 133
21 58 80
21 83 167
22 2 143
22 4 109
22 10 137
22 12 186
22 14 73
22 17 106
22 21 146
22 27 46
22 34 57
22 41 23
22 47 151
22 51 143
22 68 98
22 69 19
22 80 54
22 83 139
22 96 6
22 98 182
22 99 168
23 5 165
23 25 167
23 29 190
23 30 131
23 53 96
23 56 37
23 66 111
23 88 182
24 11 140
24 18 126
24 21 142
24 29 86
24 30 43
24 36 129
24 48 112
24 49 50
24 52 58
24 54 143
24 71 193
24 87 101
24 94 43
24 97 16
25 1 99
25 2 31
25 23 167
25 32 87
25 33 130
25 49 178
25 52 27
25 55 38
25 61 193
25 69 10
25 78 88
25 83 128
25 86 56
25 93 190
25 95 98
25 97 200
25 98 22
26 3 37
26 6 19
26 53 48
26 56 185
26 60 76
26 63 154
26 69 145
26 78 85
26 91 178
27 6 108
27 20 103
27 22 46
27 29 129
27 31 188
27 32 94
27 38 33
27 61 32
27 66 170
27 78 119
27 98 40
28 4 113
28 12 100
28 59 129
28 60 149
28 65 167
28 67 96
28 68 199
28 73 125
28 82 198
28 83 27
28 91 98
29 1 165
29 3 63
29 8 57
29 10 108
29 11 179
29 12 83
29 20 117
29 23 190
29 24 86
29 27 129
29 47 195
29 58 7
29 59 179
29 60 94
30 9 110
30 23 131
30 24 43
30 38 92
30 45 7
30 47 103
30 51 122
30 65 150
30 67 45
30 71 79
30 79 37
30 81 172
30 91 57
30 93 86
30 97 197
31 4 2
31 6 157
31 12 2
31 27 188
31 42 12
31 45 195
31 46 122
31 57 185
31 58 129
31 60 46
31 63 147
31 74 98
31 77 145
31 87 55
31 94 10
31 97 50
32 10 140
32 17 49
32 18 126
32 25 87
32 27 94
32 43 73
32 49 150
32 52 163
32 53 141
32 55 161
32 62 142
32 70 11
32 75 21
32 79 15
32 85 24
32 95 97
32 98 172
33 6 67
33 9 53
33 16 82
33 25 130
33 34 192
33 36 76
33 39 20
33 49 102
33 53 32
33 67 48
33 76 71
33 86 79
33 96 97
34 3 171
34 6 108
34 9 21
34 14 123
34 19 97
34 22 57
34 33 192
34 39 16
34 48 190
34 49 57
34 53 117
34 64 26
34 66 188
34 67 119
34 68 13
34 71 64
34 74 153
34 82 157
34 94 122
34 98 104
35 2 136
35 7 191
35 9 75
35 19 118
35 48 3
35 53 157
35 62 52
35 69 126
35 75 186
35 80 29
35 83 139
35 88 27
35 92 74
36 3 131
36 7 43
36 9 12
36 11 131
36 16 197
36 24 129
36 33 76
36 37 133
36 42 71
36 44 172
36 51 91
36 56 185
36 67 74
36 71 161
36 73 189
36 92 92
37 9 47
37 12 180
37 13 186
37 14 132
37 20 67
37 36 133
37 40 50
37 42 20
37 48 130
37 52 96
37 55 51
37 56 15
37 70 139
37 71 72
37 76 61
37 77 74
37 97 114
38 3 134
38 17 157
38 27 33
38 30 92
38 52 110
38 58 101
38 59 137
38 68 36
38 91 1
38 92 66
39 4 57
39 9 184
39 16 67
39 17 129
39 19 114
39 33 20
39 34 16
39 43 126
39 52 8
39 62 63
39 76 152
39 84 132
39 97 95
40 1 59
40 4 166
40 13 192
40 16 133
40 37 50
40 46 59
40 47 120
40 51 42
40 58 132
40 72 21
40 78 130
40 85 180
41 3 98
41 5 17
41 7 54
41 20 162
41 22 23
41 44 110
41 45 96
41 78 102
41 80 110
41 91 195
41 95 111
42 2 108
42 19 107
42 31 12
42 36 71
42 37 20
42 43 14
42 46 17
42 48 41
42 49 128
42 57 78
42 65 79
42 66 121
42 75 167
42 81 136
42 82 172
42 96 68
42 97 97
43 2 133
43 6 108
43 11 182
43 32 73
43 39 126
43 42 14
43 44 82
43 67 136
43 68 112
43 80 14
43 90 117
43 96 124
44 9 1
44 36 172
44 41 110
44 43 82
44 45 76
44 48 42
44 64 162
44 67 5
44 83 32
44 90 55
44 92 120
44 98 84
44 99 10
45 2 134
45 8 128
45 15 77
45 30 7
45 31 195
45 41 96
45 44 76
45 54 63
45 72 6
45 83 86
46 6 162
46 16 148
46 17 178
46 31 122
46 40 59
46 42 17
46 54 118
46 56 124
46 62 110
46 63 43
46 65 105
46 67 113
46 71 111
46 78 24
47 3 137
47 4 14
47 18 102
47 22 151
47 29 195
47 30 103
47 40 120
47 58 90
47 61 112
47 67 137
47 76 179
47 91 163
47 95 58
48 6 78
48 24 112
48 34 190
48 35 3
48 37 130
48 42 41
48 44 42
48 53 109
48 78 163
48 89 58
48 92 81
48 93 145
49 7 126
49 8 100
49 12 53
49 15 130
49 17 15
49 24 50
49 25 178
49 32 150
49 33 102
49 34 57
49 42 128
49 62 23
49 85 95
49 98 102
50 4 44
50 53 154
50 55 158
50 59 110
50 62 64
50 66 9
50 67 62
50 72 85
50 75 63
50 84 41
50 86 13
50 89 71
50 92 32
50 93 159
50 96 99
51 9 112
51 10 163
51 13 181
51 15 181
51 20 136
51 22 143
51 30 122
51 36 91
51 40 42
51 54 42
51 59 183
51 66 93
51 82 70
51 85 107
51 89 14
51 98 188
52 7 131
52 12 196
52 13 182
52 19 124
52 24 58
52 25 27
52 32 163
52 37 96
52 38 110
52 39 8
52 57 16
52 58 63
52 69 137
52 74 109
52 79 153
52 81 146
52 96 92
52 99 170
53 1 111
53 5 24
53 11 167
53 14 74
53 15 179
53 16 168
53 23 96
53 26 48
53 32 141
53 33 32
53 34 117
53 35 157
53 48 109
53 50 154
53 56 20
53 57 15
53 65 188
53 82 147
53 91 88
53 94 193
54 10 45
54 11 30
54 24 143
54 45 63
54 46 118
54 51 42
54 63 200
54 70 17
54 71 45
54 72 11
54 81 106
54 85 153
54 87 147
54 97 116
55 4 92
55 5 9
55 10 90
55 14 16
55 15 134
55 18 58
55 21 108
55 25 38
55 32 161
55 37 51
55 50 158
55 58 79
55 60 31
55 80 44
55 86 178
55 92 163
55 96 179
55 97 103
56 4 148
56 14 46
56 17 194
56 23 37
56 26 185
56 36 185
56 37 15
56 46 124
56 53 20
56 66 49
56 74 11
56 82 48
56 90 41
56 93 60
56 96 149
57 4 171
57 14 46
57 16 175
57 21 133
57 31 185
57 42 78
57 52 16
57 53 15
57 58 128
57 60 46
57 65 196
57 67 57
57 72 123
57 77 174
57 91 8
57 92 195
57 93 90
57 98 90
58 2 22
58 6 88
58 7 191
58 9 135
58 16 57
58 21 80
58 29 7
58 31 129
58 38 101
58 40 132
58 47 90
58 52 63
58 55 79
58 57 128
58 59 89
58 69 185
58 89 112
58 99 102
59 1 109
59 2 134
59 8 112
59 14 190
59 28 129
59 29 179
59 38 137
59 50 110
59 51 183
59 58 89
59 62 129
59 72 108
59 74 104
59 75 30
59 78 162
59 81 136
59 84 52
59 90 159
60 2 113
60 5 167
60 13 19
60 15 96
60 19 191
60 26 76
60 28 149
60 29 94
60 31 46
60 55 31
60 57 46
60 68 131
60 81 39
60 88 169
60 95 192
61 2 46
61 5 55
61 12 89
61 25 193
61 27 32
61 47 112
61 70 129
61 73 159
61 83 21
62 4 174
62 6 127
62 8 177
62 11 77
62 32 142
62 35 52
62 39 63
62 46 110
62 49 23
62 50 64
62 59 129
62 87 140
62 94 9
63 4 174
63 17 180
63 26 154
63 31 147
63 46 43
63 54 200
63 75 153
63 82 80
63 83 10
63 98 23
64 6 143
64 14 40
64 15 48
64 18 132
64 34 26
64 44 162
64 78 152
64 84 68
64 86 177
64 88 44
64 90 54
64 91 132
65 7 28
65 9 185
65 10 29
65 18 171
65 19 23
65 28 167
65 30 150
65 42 79
65 46 105
65 53 188
65 57 196
65 72 140
65 78 90
65 82 149
65 84 130
65 85 9
65 89 159
65 94 76
65 98 54
66 2 8
66 12 162
66 23 111
66 27 170
66 34 188
66 42 121
66 50 9
66 51 93
66 56 49
66 73 123
66 77 180
66 88 185
66 90 195
66 98 107
67 7 90
67 10 79
67 15 59
67 20 126
67 28 96
67 30 45
67 33 48
67 34 119
67 36 74
67 43 136
67 44 5
67 46 113
67 47 137
67 50 62
67 57 57
67 69 23
67 71 164
67 83 122
67 85 172
67 92 124
67 96 178
67 98 167
68 1 10
68 6 184
68 15 2
68 16 47
68 22 98
68 28 199
68 34 13
68 38 36
68 43 112
68 60 131
68 78 119
68 99 176
69 4 81
69 6 25
69 12 59
69 15 17
69 22 19
69 25 10
69 26 145
69 35 126
69 52 137
69 58 185
69 67 23
69 77 44
69 81 26
69 82 103
69 92 185
70 1 38
70 4 162
70 12 84
70 15 22
70 32 11
70 37 139
70 54 17
70 61 129
70 79 153
70 95 33
70 97 94
71 1 12
71 3 31
71 9 42
71 15 102
71 18 46
71 24 193
71 30 79
71 34 64
71 36 161
71 37 72
71 46 111
71 54 45
71 67 164
71 79 48
71 84 100
72 7 72
72 9 173
72 15 144
72 40 21
72 45 6
72 50 85
72 54 11
72 57 123
72 59 108
72 65 140
72 82 140
72 85 186
72 96 81
73 3 156
73 7 96
73 8 174
73 9 109
73 10 123
73 15 143
73 18 34
73 19 160
73 28 125
73 36 189
73 61 159
73 66 123
73 80 153
73 81 73
73 83 68
73 87 186
73 89 27
73 92 128
74 7 38
74 10 126
74 31 98
74 34 153
74 52 109
74 56 11
74 59 104
74 79 114
74 88 35
74 89 11
74 91 51
74 92 177
74 96 103
75 15 12
75 18 24
75 32 21
75 35 186
75 42 167
75 50 63
75 59 30
75 63 153
75 76 14
75 79 1
75 81 27
75 82 144
76 2 13
76 14 28
76 33 71
76 37 61
76 39 152
76 47 179
76 75 14
76 81 168
76 96 50
77 2 191
77 11 97
77 12 41
77 18 13
77 31 145
77 37 74
77 57 174
77 66 180
77 69 44
77 80 147
77 86 72
77 95 179
77 98 151
77 99 166
78 5 54
78 8 106
78 16 29
78 17 182
78 25 88
78 26 85
78 27 119
78 40 130
78 41 102
78 46 24
78 48 163
78 59 162
78 64 152
78 65 90
78 68 119
78 84 54
78 90 106
78 91 12
79 1 78
79 4 189
79 5 156
79 18 159
79 19 130
79 30 37
79 32 15
79 52 153
79 70 153
79 71 48
79 74 114
79 75 1
79 82 43
79 85 24
79 88 170
80 6 66
80 20 186
80 22 54
80 35 29
80 41 110
80 43 14
80 55 44
80 73 153
80 77 147
80 89 15
80 94 40
80 97 128
80 99 57
81 3 60
81 4 16
81 6 166
81 14 119
81 15 27
81 30 172
81 42 136
81 52 146
81 54 106
81 59 136
81 60 39
81 69 26
81 73 73
81 75 27
81 76 168
81 84 105
81 92 196
81 95 109
82 6 186
82 28 198
82 34 157
82 42 172
82 51 70
82 53 147
82 56 48
82 63 80
82 65 149
82 69 103
82 72 140
82 75 144
82 79 43
82 91 117
82 97 135
83 4 9
83 21 167
83 22 139
83 25 128
83 28 27
83 35 139
83 44 32
83 45 86
83 61 21
83 63 10
83 67 122
83 73 68
83 87 96
83 90 93
83 97 24
84 4 7
84 7 15
84 15 9
84 17 44
84 18 140
84 39 132
84 50 41
84 59 52
84 64 68
84 65 130
84 71 100
84 78 54
84 81 105
84 86 8
84 95 34
85 19 50
85 32 24
85 40 180
85 49 95
85 51 107
85 54 153
85 65 9
85 67 172
85 72 186
85 79 24
86 4 119
86 25 56
86 33 79
86 50 13
86 55 178
86 64 177
86 77 72
86 84 8
86 95 25
87 14 32
87 15 142
87 17 199
87 19 138
87 24 101
87 31 55
87 54 147
87 62 140
87 73 186
87 83 96
87 93 64
87 97 24
88 6 38
88 8 98
88 15 106
88 19 115
88 23 182
88 35 27
88 60 169
88 64 44
88 66 185
88 74 35
88 79 170
88 91 152
88 99 56
89 1 157
89 16 176
89 48 58
89 50 71
89 51 14
89 58 112
89 65 159
89 73 27
89 74 11
89 80 15
89 95 63
89 96 47
90 5 10
90 14 46
90 15 21
90 16 108
90 17 104
90 43 117
90 44 55
90 56 41
90 59 159
90 64 54
90 66 195
90 78 106
90 83 93
91 8 46
91 26 178
91 28 98
91 30 57
91 38 1
91 41 195
91 47 163
91 53 88
91 57 8
91 64 132
91 74 51
91 78 12
91 82 117
91 88 152
92 8 111
92 10 148
92 12 68
92 18 68
92 35 74
92 36 92
92 38 66
92 44 120
92 48 81
92 50 32
92 55 163
92 57 195
92 67 124
92 69 185
92 73 128
92 74 177
92 81 196
93 7 118
93 17 58
93 25 190
93 30 86
93 48 145
93 50 159
93 56 60
93 57 90
93 87 64
94 4 93
94 10 31
94 13 157
94 19 178
94 24 43
94 31 10
94 34 122
94 53 193
94 62 9
94 65 76
94 80 40
94 98 24
94 99 54
95 2 124
95 3 19
95 15 140
95 25 98
95 32 97
95 41 111
95 47 58
95 60 192
95 70 33
95 77 179
95 81 109
95 84 34
95 86 25
95 89 63
95 96 103
96 7 39
96 19 156
96 22 6
96 33 97
96 42 68
96 43 124
96 50 99
96 52 92
96 55 179
96 56 149
96 67 178
96 72 81
96 74 103
96 76 50
96 89 47
96 95 103
96 98 109
97 2 123
97 10 26
97 12 74
97 15 23
97 24 16
97 25 200
97 30 197
97 31 50
97 37 114
97 39 95
97 42 97
97 54 116
97 55 103
97 70 94
97 80 128
97 82 135
97 83 24
97 87 24
98 9 10
98 11 65
98 19 37
98 22 182
98 25 22
98 27 40
98 32 172
98 34 104
98 44 84
98 49 102
98 51 188
98 57 90
98 63 23
98 65 54
98 66 107
98 67 167
98 77 151
98 94 24
98 96 109
5 t 19
11 t 103
16 t 38
22 t 168
44 t 10
52 t 170
58 t 102
68 t 176
77 t 166
80 t 57
88 t 56
94 t 54
