s 1 56
s 24 67
s 34 111
s 54 167
s 62 92
s 73 183
s 87 15
s 90 79
1 3 92
1 70 29
1 78 165
1 82 67
1 84 158
2 86 25
2 93 59
3 1 92
3 15 72
3 16 143
3 25 191
3 29 100
3 41 111
3 65 158
4 5 151
4 15 195
4 21 40
4 23 88
4 50 87
4 65 152
4 86 140
5 4 151
5 15 120
5 33 57
6 32 157
6 61 65
6 62 57
6 67 71
6 88 119
6 94 71
8 22 198
8 28 60
8 76 159
8 94 172
8 96 95
9 11 134
9 31 35
9 50 92
9 54 22
9 56 81
9 91 54
10 67 76
10 75 30
10 80 180
10 94 143
11 9 134
11 22 41
11 36 20
11 48 61
11 52 64
11 54 155
11 58 8
11 86 35
11 93 90
11 94 199
11 98 199
12 26 2
12 55 101
13 14 149
13 34 113
13 36 141
13 50 166
13 60 167
13 72 52
13 89 118
14 13 149
14 24 113
14 26 120
14 65 21
14 72 104
14 76 110
15 3 72
15 4 195
15 5 120
15 30 32
15 69 88
15 74 81
15 97 49
16 3 143
16 17 74
16 75 94
16 82 136
16 97 163
17 16 74
17 19 130
17 37 21
17 50 2
17 55 182
17 65 90
17 69 80
18 55 162
18 71 97
19 17 130
19 31 166
19 36 90
19 65 68
19 81 116
19 92 79
20 27 57
20 42 54
20 63 188
20 64 33
20 66 128
21 4 40
21 36 23
21 43 78
21 45 187
21 79 93
21 89 178
22 8 198
22 11 41
22 23 6
22 45 48
22 48 168
22 66 76
23 4 88
23 22 6
23 28 194
23 33 165
23 40 62
23 56 145
23 69 43
23 77 79
23 86 198
24 14 113
24 29 10
24 56 141
24 61 156
24 76 41
24 79 174
24 85 86
25 3 191
25 53 187
25 60 99
25 89 70
26 12 2
26 14 120
26 56 59
26 61 159
26 76 179
26 82 155
26 86 124
26 96 111
27 20 57
27 35 117
27 54 159
27 56 15
27 61 87
27 71 151
28 8 60
28 23 194
28 37 104
28 61 163
28 62 34
28 75 61
28 95 86
29 3 100
29 24 10
29 35 140
29 40 198
29 47 47
29 51 194
29 76 100
29 87 10
30 15 32
30 69 89
30 74 37
31 9 35
31 19 166
31 35 38
31 43 29
31 45 2
31 91 124
32 6 157
32 71 119
33 5 57
33 23 165
33 34 150
33 52 70
33 55 192
33 64 126
33 73 29
33 82 4
34 13 113
34 33 150
34 44 79
35 27 117
35 29 140
35 31 38
35 46 84
35 48 58
35 65 26
35 85 121
36 11 20
36 13 141
36 19 90
36 21 23
36 93 123
37 17 21
37 28 104
37 43 183
37 67 88
37 76 48
37 82 90
37 93 53
38 54 189
39 50 137
39 73 58
40 23 62
40 29 198
40 52 140
40 53 96
40 60 91
40 78 32
41 3 111
41 42 126
41 58 78
41 86 200
41 91 160
41 99 48
42 20 54
42 41 126
42 65 127
43 21 78
43 31 29
43 37 183
43 44 117
43 85 50
43 88 52
44 34 79
44 43 117
44 70 22
44 85 20
45 21 187
45 22 48
45 31 2
45 76 45
45 87 46
46 35 84
46 63 189
46 65 12
46 80 35
46 82 120
46 85 118
46 89 80
46 94 174
47 29 47
47 57 11
47 58 174
48 11 61
48 22 168
48 35 58
48 51 89
48 80 17
48 95 5
48 96 103
49 94 53
50 4 87
50 9 92
50 13 166
50 17 2
50 39 137
50 77 70
51 29 194
51 48 89
51 54 198
51 80 41
51 81 133
52 11 64
52 33 70
52 40 140
53 25 187
53 40 96
53 67 132
53 80 169
53 95 27
54 9 22
54 11 155
54 27 159
54 38 189
54 51 198
54 57 191
54 61 157
54 72 153
54 83 175
55 12 101
55 17 182
55 18 162
55 33 192
55 74 162
56 9 81
56 23 145
56 24 141
56 26 59
56 27 15
56 63 134
56 92 179
56 94 45
57 47 11
57 54 191
58 11 8
58 41 78
58 47 174
58 61 119
58 81 173
58 91 69
59 66 193
59 84 161
59 97 22
60 13 167
60 25 99
60 40 91
60 65 1
60 95 164
61 6 65
61 24 156
61 26 159
61 27 87
61 28 163
61 54 157
61 58 119
61 71 30
61 82 80
61 83 18
61 95 189
62 6 57
62 28 34
62 86 96
63 20 188
63 46 189
63 56 134
64 20 33
64 33 126
64 65 153
64 86 52
65 3 158
65 4 152
65 14 21
65 17 90
65 19 68
65 35 26
65 42 127
65 46 12
65 60 1
65 64 153
65 79 178
66 20 128
66 22 76
66 59 193
67 6 71
67 10 76
67 37 88
67 53 132
67 74 145
67 99 120
68 73 39
68 80 127
68 89 70
68 99 38
69 15 88
69 17 80
69 23 43
69 30 89
69 73 21
70 1 29
70 44 22
71 18 97
71 27 151
71 32 119
71 61 30
71 80 174
72 13 52
72 14 104
72 54 153
72 78 80
72 84 164
73 33 29
73 39 58
73 68 39
73 69 21
73 75 125
74 15 81
74 30 37
74 55 162
74 67 145
74 94 69
75 10 30
75 16 94
75 28 61
75 73 125
75 77 133
76 8 159
76 14 110
76 24 41
76 26 179
76 29 100
76 37 48
76 45 45
77 23 79
77 50 70
77 75 133
77 87 162
77 92 145
78 1 165
78 40 32
78 72 80
78 80 78
78 86 51
79 21 93
79 24 174
79 65 178
79 87 79
79 89 118
80 10 180
80 46 35
80 48 17
80 51 41
80 53 169
80 68 127
80 71 174
80 78 78
80 96 87
81 19 116
81 51 133
81 58 173
81 89 194
82 1 67
82 16 136
82 26 155
82 33 4
82 37 90
82 46 120
82 61 80
82 86 62
82 94 172
83 54 175
83 61 18
84 1 158
84 59 161
84 72 164
84 85 20
84 87 105
84 92 186
84 94 60
85 24 86
85 35 121
85 43 50
85 44 20
85 46 118
85 84 20
86 2 25
86 4 140
86 11 35
86 23 198
86 26 124
86 41 200
86 62 96
86 64 52
86 78 51
86 82 62
86 89 114
87 29 10
87 45 46
87 77 162
87 79 79
87 84 105
87 90 66
87 94 95
87 96 69
88 6 119
88 43 52
88 92 164
89 13 118
89 21 178
89 25 70
89 46 80
89 68 70
89 79 118
89 81 194
89 86 114
89 90 141
90 87 66
90 89 141
91 9 54
91 31 124
91 41 160
91 58 69
92 19 79
92 56 179
92 77 145
92 84 186
92 88 164
93 2 59
93 11 90
93 36 123
93 37 53
94 6 71
94 8 172
94 10 143
94 11 199
94 46 174
94 49 53
94 56 45
94 74 69
94 82 172
94 84 60
94 87 95
95 28 86
95 48 5
95 53 27
95 60 164
95 61 189
96 8 95
96 26 111
96 48 103
96 80 87
96 87 69
97 15 49
97 16 163
97 59 22
98 11 199
41 t 48
67 t 120
68 t 38
