s 2 38
s 4 128
s 5 144
s 7 64
s 8 187
s 9 103
s 11 183
s 12 63
s 13 133
s 16 45
s 18 125
s 19 17
s 20 184
s 22 200
s 23 192
s 25 5
s 27 129
s 28 167
s 29 101
s 30 101
s 32 31
s 34 80
s 36 56
s 38 50
s 39 20
s 41 110
s 42 1
s 43 194
s 44 83
s 45 180
s 46 4
s 48 66
s 54 49
s 55 125
s 56 37
s 57 91
s 60 20
s 61 59
s 64 143
s 67 88
s 70 34
s 72 133
s 79 114
s 82 111
s 84 94
s 85 161
s 87 116
s 89 60
s 90 43
s 91 48
s 93 184
s 95 183
s 97 59
s 100 83
s 102 18
s 103 174
s 106 189
s 113 192
s 116 108
s 118 2
s 120 94
s 124 188
s 127 181
s 128 131
s 130 105
s 132 87
s 134 198
s 135 181
s 139 78
s 142 138
s 148 39
s 149 153
1 4 134
1 8 47
1 9 188
1 11 186
1 12 182
1 13 70
1 14 64
1 15 42
1 16 138
1 18 34
1 20 38
1 26 92
1 27 25
1 28 128
1 31 111
1 32 194
1 34 67
1 38 130
1 39 169
1 40 35
1 41 156
1 42 153
1 43 74
1 44 39
1 45 173
1 49 4
1 51 88
1 54 149
1 59 57
1 60 94
1 62 79
1 63 68
1 64 147
1 65 38
1 66 106
1 67 85
1 68 179
1 71 156
1 72 22
1 73 89
1 76 35
1 77 92
1 81 167
1 83 12
1 86 81
1 87 68
1 90 106
1 91 49
1 92 120
1 98 44
1 99 31
1 101 152
1 103 115
1 104 90
1 107 168
1 110 108
1 111 124
1 112 91
1 114 134
1 119 76
1 120 81
1 121 43
1 122 38
1 127 119
1 128 74
1 132 52
1 133 68
1 135 2
1 136 83
1 137 95
1 138 150
1 141 45
1 145 183
1 148 121
1 149 192
2 3 123
2 4 191
2 6 107
2 8 100
2 9 122
2 10 147
2 12 77
2 16 123
2 18 135
2 20 21
2 21 111
2 23 150
2 24 184
2 26 119
2 29 74
2 30 108
2 31 58
2 33 191
2 34 167
2 35 1
2 37 9
2 39 71
2 42 94
2 43 7
2 44 198
2 45 117
2 47 132
2 48 5
2 49 179
2 50 102
2 56 88
2 66 155
2 67 135
2 68 57
2 70 52
2 72 152
2 74 108
2 76 22
2 77 193
2 78 83
2 79 150
2 80 69
2 84 182
2 86 5
2 88 17
2 89 44
2 91 39
2 93 4
2 94 42
2 95 174
2 96 91
2 98 185
2 99 193
2 100 17
2 103 67
2 105 192
2 106 193
2 110 105
2 114 167
2 119 127
2 120 10
2 122 87
2 123 43
2 124 21
2 125 85
2 127 98
2 128 136
2 131 157
2 132 67
2 133 10
2 134 38
2 137 161
2 138 136
2 139 106
2 141 156
2 142 148
2 143 175
2 146 177
3 2 123
3 4 164
3 5 123
3 6 37
3 11 97
3 13 42
3 14 140
3 18 187
3 19 183
3 20 115
3 23 57
3 24 158
3 25 184
3 28 160
3 30 11
3 33 190
3 34 25
3 35 112
3 42 99
3 43 195
3 50 76
3 51 28
3 54 21
3 55 158
3 58 129
3 59 74
3 60 170
3 61 17
3 66 135
3 68 116
3 70 1
3 75 9
3 76 94
3 77 55
3 78 147
3 79 161
3 83 196
3 86 45
3 87 67
3 88 21
3 92 140
3 93 49
3 94 199
3 95 198
3 98 37
3 100 3
3 101 112
3 103 110
3 105 165
3 107 173
3 108 140
3 111 67
3 114 93
3 116 44
3 117 7
3 120 159
3 121 69
3 124 76
3 125 26
3 126 19
3 129 64
3 130 127
3 132 36
3 133 88
3 137 82
3 142 56
3 144 80
3 145 153
3 148 137
4 1 134
4 2 191
4 3 164
4 5 155
4 6 141
4 8 73
4 9 197
4 12 122
4 16 157
4 19 59
4 20 167
4 25 177
4 26 9
4 27 59
4 29 6
4 31 17
4 32 43
4 35 135
4 36 29
4 37 48
4 39 139
4 40 192
4 42 40
4 44 140
4 46 172
4 47 37
4 48 190
4 51 181
4 56 32
4 58 42
4 61 163
4 62 108
4 63 125
4 65 117
4 66 61
4 68 46
4 70 81
4 71 172
4 72 155
4 80 28
4 81 5
4 82 13
4 83 28
4 84 146
4 87 57
4 88 135
4 92 116
4 93 27
4 95 85
4 96 97
4 100 1
4 102 4
4 103 161
4 107 23
4 109 113
4 112 14
4 113 14
4 114 110
4 117 193
4 118 190
4 119 2
4 124 189
4 125 195
4 127 176
4 129 174
4 130 48
4 132 32
4 133 139
4 134 126
4 135 132
4 136 59
4 137 10
4 139 132
4 140 70
4 142 102
4 143 31
4 144 125
4 146 12
4 148 137
5 3 123
5 4 155
5 9 94
5 12 173
5 13 118
5 18 171
5 20 80
5 22 37
5 23 74
5 25 181
5 26 74
5 27 175
5 28 168
5 30 143
5 32 88
5 34 197
5 35 8
5 36 151
5 38 157
5 41 192
5 42 32
5 43 188
5 44 82
5 45 168
5 49 38
5 51 195
5 52 109
5 55 94
5 56 105
5 57 98
5 58 149
5 59 99
5 60 56
5 64 168
5 67 81
5 68 13
5 69 98
5 70 53
5 72 91
5 73 38
5 74 18
5 78 104
5 79 26
5 82 65
5 83 14
5 84 59
5 87 173
5 91 60
5 93 117
5 94 16
5 95 198
5 98 43
5 101 1
5 103 118
5 104 76
5 106 159
5 107 51
5 108 103
5 111 195
5 112 107
5 114 115
5 117 170
5 118 100
5 120 13
5 125 181
5 126 153
5 127 55
5 131 148
5 132 172
5 133 39
5 134 22
5 135 138
5 139 13
5 141 148
5 144 161
5 146 198
5 147 108
5 148 34
6 2 107
6 3 37
6 4 141
6 7 156
6 8 59
6 9 80
6 15 38
6 19 57
6 21 158
6 22 40
6 23 174
6 26 39
6 27 90
6 28 159
6 30 61
6 32 74
6 34 108
6 36 80
6 40 170
6 41 136
6 43 159
6 45 12
6 46 163
6 51 30
6 54 87
6 55 136
6 56 101
6 57 6
6 58 137
6 60 187
6 61 161
6 64 184
6 65 160
6 72 52
6 74 157
6 76 44
6 80 194
6 82 72
6 84 90
6 86 96
6 89 110
6 90 4
6 91 16
6 95 177
6 96 16
6 98 195
6 99 99
6 100 27
6 103 190
6 104 140
6 108 123
6 109 191
6 110 102
6 111 159
6 113 46
6 115 187
6 118 55
6 122 132
6 125 42
6 126 186
6 128 21
6 129 105
6 130 99
6 131 189
6 132 75
6 134 34
6 136 15
6 137 129
6 139 196
6 142 193
6 143 74
6 145 197
6 146 141
6 147 10
7 6 156
7 10 71
7 11 104
7 13 1
7 15 79
7 16 175
7 22 15
7 23 83
7 24 1
7 25 112
7 26 137
7 27 103
7 28 46
7 29 157
7 30 20
7 32 54
7 36 10
7 37 102
7 39 195
7 41 102
7 42 155
7 43 170
7 44 2
7 46 5
7 47 196
7 49 126
7 51 4
7 52 145
7 56 128
7 58 157
7 59 190
7 63 179
7 64 177
7 65 120
7 66 120
7 67 178
7 75 144
7 76 161
7 79 109
7 82 8
7 83 119
7 84 7
7 85 32
7 87 45
7 88 123
7 92 97
7 95 28
7 96 180
7 98 55
7 99 40
7 101 33
7 102 166
7 103 27
7 107 189
7 111 158
7 112 109
7 113 141
7 114 132
7 116 111
7 118 28
7 120 71
7 122 166
7 126 146
7 127 78
7 128 198
7 133 127
7 135 141
7 137 133
7 139 126
7 140 33
7 141 108
7 142 20
7 143 50
7 146 97
7 147 89
7 148 117
8 1 47
8 2 100
8 4 73
8 6 59
8 9 176
8 10 131
8 13 130
8 15 174
8 19 112
8 21 103
8 22 103
8 23 67
8 24 122
8 25 92
8 27 140
8 30 167
8 32 192
8 33 113
8 34 23
8 35 103
8 36 200
8 38 97
8 39 156
8 40 185
8 42 189
8 43 153
8 44 144
8 45 41
8 46 180
8 48 133
8 50 129
8 52 138
8 53 25
8 55 195
8 58 107
8 59 64
8 64 159
8 73 142
8 74 21
8 75 126
8 76 7
8 77 55
8 78 31
8 79 24
8 81 131
8 84 130
8 85 14
8 91 3
8 92 113
8 93 28
8 95 107
8 96 76
8 100 17
8 101 157
8 102 26
8 104 56
8 105 127
8 108 66
8 109 159
8 110 180
8 113 112
8 114 196
8 115 153
8 117 27
8 118 124
8 120 80
8 121 112
8 126 77
8 130 38
8 132 46
8 133 97
8 140 94
8 141 110
8 143 109
8 145 198
8 146 68
8 148 86
8 149 84
9 1 188
9 2 122
9 4 197
9 5 94
9 6 80
9 8 176
9 12 35
9 15 140
9 20 35
9 22 59
9 23 61
9 25 51
9 26 38
9 28 199
9 29 162
9 30 122
9 31 168
9 32 70
9 33 23
9 36 47
9 41 68
9 42 9
9 43 75
9 44 160
9 45 8
9 48 157
9 49 53
9 50 30
9 51 94
9 54 68
9 58 180
9 61 187
9 62 158
9 64 198
9 65 31
9 66 28
9 67 78
9 68 180
9 69 159
9 73 24
9 75 154
9 77 59
9 80 43
9 84 61
9 86 149
9 89 80
9 92 181
9 93 45
9 96 59
9 100 97
9 103 106
9 104 17
9 105 164
9 106 57
9 107 126
9 110 14
9 111 174
9 116 129
9 118 83
9 119 30
9 123 175
9 124 103
9 125 75
9 127 146
9 128 64
9 133 132
9 136 44
9 140 152
9 141 163
9 142 200
9 143 11
9 145 124
9 147 61
10 2 147
10 7 71
10 8 131
10 13 130
10 14 100
10 16 78
10 17 146
10 21 177
10 24 48
10 25 14
10 27 46
10 29 133
10 32 121
10 33 140
10 34 17
10 37 154
10 38 5
10 43 177
10 45 39
10 46 118
10 48 171
10 49 40
10 51 23
10 53 66
10 55 64
10 56 2
10 57 182
10 59 118
10 64 64
10 65 158
10 66 197
10 68 193
10 70 151
10 72 141
10 74 105
10 78 110
10 79 157
10 82 21
10 83 136
10 85 40
10 88 114
10 91 145
10 93 150
10 95 6
10 96 139
10 101 15
10 102 5
10 104 148
10 107 191
10 108 75
10 109 94
10 112 102
10 114 180
10 115 94
10 116 4
10 117 142
10 120 85
10 121 100
10 122 123
10 124 189
10 125 191
10 126 53
10 127 27
10 128 142
10 129 98
10 132 73
10 133 118
10 134 196
10 135 87
10 136 40
10 137 31
10 141 49
10 142 127
10 143 82
10 147 28
10 148 186
10 149 64
11 1 186
11 3 97
11 7 104
11 12 139
11 13 40
11 16 128
11 18 94
11 21 195
11 22 77
11 23 21
11 26 138
11 28 128
11 29 150
11 31 151
11 32 88
11 33 190
11 35 171
11 40 149
11 42 28
11 47 5
11 48 182
11 50 185
11 51 76
11 54 4
11 56 153
11 61 60
11 62 95
11 64 38
11 65 39
11 69 96
11 72 16
11 73 197
11 74 174
11 75 121
11 76 161
11 81 176
11 82 80
11 83 9
11 84 13
11 88 104
11 89 18
11 90 12
11 92 21
11 93 69
11 94 2
11 95 111
11 97 45
11 99 69
11 101 72
11 102 116
11 104 159
11 105 159
11 106 141
11 108 128
11 109 145
11 111 49
11 115 183
11 118 41
11 119 40
11 121 68
11 122 93
11 123 11
11 125 134
11 129 26
11 130 148
11 131 77
11 133 80
11 135 141
11 138 157
11 139 196
11 140 121
11 145 132
11 148 134
12 1 182
12 2 77
12 4 122
12 5 173
12 9 35
12 11 139
12 14 138
12 17 192
12 18 18
12 20 179
12 21 91
12 23 172
12 25 200
12 26 60
12 28 165
12 30 9
12 32 123
12 33 144
12 37 150
12 38 104
12 39 89
12 40 101
12 41 112
12 42 166
12 43 157
12 45 151
12 46 26
12 50 52
12 51 116
12 57 65
12 59 33
12 60 187
12 62 5
12 64 140
12 66 7
12 68 169
12 69 109
12 70 23
12 72 16
12 76 193
12 83 135
12 86 33
12 87 56
12 91 104
12 92 149
12 94 85
12 96 82
12 98 40
12 99 109
12 100 163
12 105 116
12 106 194
12 107 192
12 109 115
12 110 91
12 112 34
12 113 127
12 114 125
12 115 84
12 116 141
12 117 154
12 118 92
12 120 24
12 122 118
12 123 92
12 125 174
12 126 101
12 127 197
12 129 94
12 132 184
12 134 87
12 136 148
12 137 104
12 138 91
12 139 187
12 143 4
12 145 196
12 148 200
12 149 71
13 1 70
13 3 42
13 5 118
13 7 1
13 8 130
13 10 130
13 11 40
13 14 42
13 16 82
13 17 5
13 18 186
13 19 123
13 21 25
13 22 40
13 24 5
13 25 75
13 29 101
13 30 152
13 32 125
13 34 148
13 35 114
13 37 104
13 39 66
13 40 179
13 48 115
13 54 108
13 56 98
13 57 185
13 58 66
13 59 193
13 60 133
13 63 147
13 67 32
13 69 50
13 73 44
13 74 144
13 75 36
13 76 71
13 77 178
13 79 95
13 81 96
13 84 162
13 85 171
13 86 35
13 87 37
13 89 51
13 91 61
13 93 191
13 97 101
13 98 19
13 99 33
13 100 195
13 101 132
13 103 95
13 108 141
13 109 161
13 110 190
13 112 175
13 113 153
13 115 39
13 116 15
13 118 82
13 121 158
13 122 137
13 124 88
13 125 156
13 128 125
13 129 119
13 131 27
13 132 2
13 133 82
13 136 78
13 138 173
13 141 121
13 142 95
13 145 9
13 146 164
13 147 12
13 148 128
13 149 179
14 1 64
14 3 140
14 10 100
14 12 138
14 13 42
14 16 82
14 18 45
14 19 135
14 21 24
14 23 28
14 25 70
14 27 87
14 28 128
14 29 55
14 32 182
14 35 136
14 36 51
14 37 190
14 38 126
14 39 47
14 43 73
14 48 55
14 49 98
14 55 105
14 56 48
14 58 147
14 61 46
14 66 154
14 69 81
14 70 36
14 74 183
14 75 181
14 76 82
14 78 84
14 82 72
14 83 115
14 84 192
14 89 178
14 92 173
14 93 84
14 94 147
14 95 54
14 100 53
14 101 189
14 102 38
14 105 158
14 107 12
14 108 196
14 109 23
14 114 12
14 115 18
14 118 189
14 119 173
14 123 162
14 126 96
14 127 21
14 129 26
14 130 79
14 131 184
14 134 98
14 135 40
14 137 191
14 140 176
14 141 42
14 142 148
14 143 109
14 146 5
14 147 9
14 148 121
14 149 200
15 1 42
15 6 38
15 7 79
15 8 174
15 9 140
15 16 128
15 17 61
15 18 58
15 20 173
15 22 177
15 25 10
15 26 148
15 30 98
15 35 121
15 37 85
15 38 153
15 39 126
15 43 169
15 44 30
15 46 196
15 49 77
15 50 160
15 51 90
15 53 175
15 56 31
15 57 153
15 59 150
15 62 141
15 63 76
15 65 145
15 66 180
15 68 100
15 70 35
15 71 103
15 72 171
15 74 54
15 79 84
15 86 92
15 87 38
15 88 56
15 89 118
15 90 52
15 92 118
15 93 141
15 95 93
15 97 198
15 98 103
15 99 149
15 103 200
15 108 153
15 110 113
15 113 31
15 115 127
15 116 56
15 121 197
15 122 150
15 124 55
15 129 166
15 135 133
15 137 50
15 138 125
15 139 152
15 144 123
15 147 25
15 148 22
15 149 90
16 1 138
16 2 123
16 4 157
16 7 175
16 10 78
16 11 128
16 13 82
16 14 82
16 15 128
16 17 181
16 18 42
16 19 106
16 21 45
16 22 82
16 23 135
16 26 151
16 30 193
16 32 45
16 34 147
16 36 74
16 37 123
16 38 2
16 40 165
16 42 29
16 43 42
16 45 178
16 47 34
16 49 111
16 52 71
16 54 2
16 58 151
16 59 10
16 60 45
16 61 98
16 64 27
16 65 183
16 69 110
16 75 11
16 76 37
16 77 117
16 80 15
16 82 72
16 84 19
16 88 153
16 89 16
16 90 190
16 92 45
16 94 13
16 95 145
16 99 37
16 100 43
16 101 32
16 104 106
16 111 2
16 112 4
16 113 194
16 117 160
16 118 154
16 125 56
16 128 22
16 132 115
16 134 85
16 135 96
16 136 100
16 139 181
16 140 115
16 141 143
16 142 67
16 143 54
16 148 196
17 10 146
17 12 192
17 13 5
17 15 61
17 16 181
17 19 39
17 21 48
17 22 60
17 25 18
17 26 49
17 30 192
17 31 60
17 33 69
17 35 116
17 37 120
17 41 126
17 46 150
17 47 102
17 55 32
17 60 173
17 61 117
17 62 149
17 63 54
17 64 134
17 65 88
17 67 173
17 69 127
17 70 77
17 72 45
17 73 46
17 75 26
17 76 154
17 78 10
17 79 94
17 80 180
17 81 35
17 84 9
17 85 58
17 86 128
17 88 49
17 91 73
17 92 12
17 96 2
17 97 91
17 98 33
17 100 97
17 104 129
17 108 28
17 109 132
17 110 185
17 111 3
17 112 65
17 114 39
17 115 74
17 116 15
17 117 96
17 118 97
17 119 52
17 120 150
17 122 152
17 126 188
17 129 10
17 131 83
17 132 195
17 133 56
17 134 80
17 135 69
17 138 93
17 139 28
17 140 63
17 141 179
17 142 143
17 144 187
17 145 15
17 147 53
18 1 34
18 2 135
18 3 187
18 5 171
18 11 94
18 12 18
18 13 186
18 14 45
18 15 58
18 16 42
18 20 87
18 22 81
18 25 147
18 29 184
18 30 42
18 31 156
18 32 89
18 33 130
18 34 74
18 37 99
18 41 167
18 42 147
18 43 175
18 44 79
18 45 120
18 46 73
18 47 180
18 49 13
18 51 190
18 54 14
18 56 187
18 57 75
18 61 147
18 63 138
18 64 147
18 67 98
18 71 35
18 73 57
18 74 109
18 75 149
18 77 154
18 78 171
18 79 83
18 80 150
18 81 110
18 82 166
18 83 130
18 84 156
18 86 23
18 87 110
18 88 120
18 91 100
18 92 116
18 93 117
18 94 121
18 95 90
18 98 95
18 100 18
18 101 168
18 102 100
18 104 130
18 107 86
18 108 155
18 109 21
18 110 126
18 111 45
18 114 142
18 115 65
18 116 78
18 117 65
18 119 113
18 120 68
18 123 32
18 124 46
18 128 69
18 130 2
18 134 191
18 135 25
18 136 97
18 139 118
18 145 158
18 146 168
18 147 104
18 148 117
19 3 183
19 4 59
19 6 57
19 8 112
19 13 123
19 14 135
19 16 106
19 17 39
19 20 26
19 21 99
19 22 99
19 24 67
19 26 65
19 27 9
19 28 32
19 30 133
19 33 170
19 34 149
19 37 172
19 38 182
19 48 110
19 50 45
19 51 164
19 54 106
19 56 96
19 58 154
19 61 64
19 62 96
19 65 63
19 66 129
19 67 138
19 69 134
19 71 164
19 72 94
19 73 137
19 78 38
19 82 18
19 83 189
19 86 141
19 90 93
19 95 92
19 96 57
19 98 188
19 101 138
19 102 63
19 104 47
19 105 164
19 110 70
19 111 183
19 113 114
19 116 38
19 118 118
19 119 7
19 120 80
19 124 129
19 125 53
19 127 49
19 131 43
19 135 109
19 136 156
19 139 128
19 141 200
19 146 2
20 1 38
20 2 21
20 3 115
20 4 167
20 5 80
20 9 35
20 12 179
20 15 173
20 18 87
20 19 26
20 21 123
20 22 155
20 29 119
20 30 138
20 32 194
20 33 158
20 35 99
20 36 88
20 40 90
20 41 61
20 42 114
20 43 134
20 44 56
20 45 61
20 46 186
20 47 84
20 48 160
20 49 22
20 54 54
20 55 102
20 59 62
20 62 35
20 65 125
20 66 8
20 67 25
20 70 196
20 71 185
20 72 5
20 73 124
20 74 171
20 75 49
20 78 77
20 79 125
20 80 56
20 83 134
20 85 24
20 87 63
20 88 10
20 89 45
20 90 193
20 91 11
20 93 154
20 94 144
20 95 37
20 96 131
20 97 172
20 98 189
20 100 54
20 102 197
20 109 174
20 110 86
20 115 7
20 120 2
20 121 86
20 125 92
20 126 46
20 128 62
20 129 29
20 133 166
20 134 96
20 135 188
20 139 40
20 146 67
20 149 186
21 2 111
21 6 158
21 8 103
21 10 177
21 11 195
21 12 91
21 13 25
21 14 24
21 16 45
21 17 48
21 19 99
21 20 123
21 24 99
21 25 104
21 26 90
21 28 138
21 30 48
21 32 66
21 33 29
21 34 194
21 35 113
21 36 53
21 38 191
21 44 111
21 45 153
21 47 165
21 48 197
21 49 69
21 50 188
21 51 95
21 53 76
21 58 122
21 59 27
21 60 14
21 61 110
21 65 112
21 66 82
21 67 60
21 70 200
21 73 65
21 75 103
21 80 187
21 81 169
21 82 3
21 83 102
21 88 166
21 90 138
21 91 48
21 92 26
21 93 70
21 97 122
21 98 2
21 100 51
21 101 6
21 102 7
21 103 148
21 104 25
21 109 157
21 110 97
21 111 89
21 112 85
21 113 70
21 116 111
21 120 160
21 121 68
21 122 46
21 125 146
21 126 144
21 128 152
21 135 150
21 138 158
21 139 176
21 140 110
21 141 87
21 142 6
21 144 118
21 146 183
22 5 37
22 6 40
22 7 15
22 8 103
22 9 59
22 11 77
22 13 40
22 15 177
22 16 82
22 17 60
22 18 81
22 19 99
22 20 155
22 23 85
22 25 139
22 28 164
22 31 131
22 34 115
22 35 29
22 40 40
22 44 165
22 45 166
22 46 179
22 48 16
22 49 43
22 51 11
22 55 34
22 56 104
22 59 168
22 61 165
22 63 87
22 65 115
22 70 83
22 73 47
22 74 3
22 75 117
22 76 9
22 78 101
22 79 62
22 81 95
22 82 90
22 83 125
22 84 135
22 86 10
22 88 199
22 90 160
22 91 191
22 92 80
22 93 117
22 94 48
22 95 134
22 96 93
22 97 157
22 100 117
22 101 200
22 105 160
22 107 158
22 108 166
22 109 104
22 110 114
22 111 9
22 114 59
22 115 11
22 116 138
22 117 42
22 118 85
22 121 126
22 122 56
22 123 82
22 129 4
22 130 72
22 133 106
22 135 146
22 139 164
22 143 127
22 144 6
22 146 1
22 148 135
22 149 165
23 2 150
23 3 57
23 5 74
23 6 174
23 7 83
23 8 67
23 9 61
23 11 21
23 12 172
23 14 28
23 16 135
23 22 85
23 25 109
23 26 21
23 27 179
23 28 90
23 29 108
23 30 69
23 31 65
23 32 164
23 33 75
23 34 50
23 35 28
23 37 5
23 38 166
23 39 15
23 40 72
23 43 99
23 45 92
23 49 187
23 50 190
23 52 175
23 53 86
23 54 12
23 57 63
23 58 117
23 59 172
23 60 2
23 62 147
23 64 62
23 67 194
23 68 58
23 73 23
23 74 176
23 75 164
23 77 106
23 78 124
23 82 151
23 83 172
23 85 196
23 89 44
23 91 46
23 93 1
23 98 33
23 103 133
23 104 111
23 107 168
23 108 103
23 109 17
23 112 126
23 120 57
23 121 57
23 122 170
23 123 61
23 124 123
23 125 19
23 126 133
23 129 41
23 130 145
23 132 167
23 136 146
23 138 19
23 139 26
23 142 15
23 143 62
23 145 124
23 147 71
23 148 192
23 149 180
24 2 184
24 3 158
24 7 1
24 8 122
24 10 48
24 13 5
24 19 67
24 21 99
24 26 97
24 28 49
24 29 6
24 30 196
24 32 68
24 33 160
24 34 190
24 35 152
24 36 31
24 37 115
24 38 30
24 39 2
24 40 129
24 41 36
24 42 132
24 43 131
24 44 120
24 45 90
24 48 165
24 49 198
24 58 56
24 60 88
24 62 63
24 63 196
24 64 186
24 68 61
24 69 148
24 70 74
24 76 9
24 77 5
24 78 2
24 82 14
24 83 23
24 84 185
24 86 193
24 88 191
24 89 83
24 91 198
24 92 155
24 93 41
24 97 142
24 100 95
24 101 175
24 104 100
24 105 1
24 106 131
24 109 63
24 110 16
24 112 153
24 114 17
24 115 192
24 116 142
24 118 77
24 119 112
24 120 147
24 121 198
24 124 189
24 125 38
24 127 12
24 129 50
24 133 18
24 134 12
24 136 43
24 140 69
24 146 99
24 147 30
24 148 78
25 3 184
25 4 177
25 5 181
25 7 112
25 8 92
25 9 51
25 10 14
25 12 200
25 13 75
25 14 70
25 15 10
25 17 18
25 18 147
25 21 104
25 22 139
25 23 109
25 30 141
25 31 117
25 32 98
25 33 58
25 37 174
25 39 18
25 42 57
25 43 60
25 45 84
25 47 197
25 50 163
25 52 188
25 53 38
25 55 39
25 56 85
25 58 8
25 59 11
25 60 74
25 63 150
25 65 183
25 70 166
25 71 48
25 72 62
25 73 74
25 76 182
25 81 124
25 82 81
25 83 91
25 84 40
25 89 15
25 90 7
25 93 4
25 95 34
25 96 70
25 97 185
25 99 197
25 101 86
25 102 75
25 104 81
25 106 95
25 107 30
25 108 11
25 110 186
25 111 90
25 113 173
25 114 33
25 115 76
25 116 61
25 118 82
25 120 44
25 122 33
25 123 121
25 124 21
25 125 4
25 126 190
25 127 166
25 128 93
25 129 166
25 132 122
25 136 133
25 137 157
25 142 21
25 143 184
25 144 182
25 146 103
25 147 182
25 149 161
26 1 92
26 2 119
26 4 9
26 5 74
26 6 39
26 7 137
26 9 38
26 11 138
26 12 60
26 15 148
26 16 151
26 17 49
26 19 65
26 21 90
26 23 21
26 24 97
26 27 88
26 30 158
26 33 195
26 34 176
26 36 44
26 39 55
26 41 10
26 43 88
26 46 148
26 49 55
26 52 4
26 54 46
26 57 134
26 58 104
26 62 78
26 63 144
26 64 114
26 66 26
26 70 147
26 73 46
26 74 158
26 76 90
26 78 27
26 79 76
26 81 111
26 82 169
26 83 132
26 84 58
26 86 174
26 87 16
26 94 31
26 95 109
26 97 178
26 99 160
26 102 188
26 108 122
26 111 118
26 114 87
26 117 42
26 120 17
26 121 158
26 123 179
26 124 55
26 126 45
26 129 124
26 130 77
26 133 41
26 134 55
26 136 194
26 137 64
26 139 102
26 140 126
26 141 93
26 142 91
27 1 25
27 4 59
27 5 175
27 6 90
27 7 103
27 8 140
27 10 46
27 14 87
27 19 9
27 23 179
27 26 88
27 30 98
27 31 17
27 32 45
27 33 21
27 34 89
27 36 147
27 40 13
27 41 7
27 42 162
27 43 73
27 44 96
27 50 131
27 51 46
27 52 37
27 53 39
27 54 10
27 56 148
27 58 171
27 60 188
27 62 79
27 63 21
27 68 182
27 79 122
27 80 34
27 82 171
27 83 111
27 84 142
27 85 70
27 86 123
27 87 116
27 88 59
27 89 76
27 92 18
27 93 183
27 94 139
27 96 36
27 99 27
27 103 195
27 107 9
27 108 106
27 111 101
27 114 69
27 116 1
27 118 162
27 119 143
27 122 38
27 123 15
27 124 160
27 125 67
27 126 156
27 127 11
27 129 150
27 130 93
27 131 28
27 136 72
27 137 105
27 138 188
27 142 95
27 144 41
27 145 120
27 146 50
27 149 67
28 1 128
28 3 160
28 5 168
28 6 159
28 7 46
28 9 199
28 11 128
28 12 165
28 14 128
28 19 32
28 21 138
28 22 164
28 23 90
28 24 49
28 30 143
28 34 189
28 35 66
28 37 172
28 39 140
28 42 15
28 45 29
28 48 4
28 49 182
28 51 155
28 58 44
28 59 64
28 60 187
28 62 120
28 63 76
28 65 160
28 67 36
28 68 139
28 69 17
28 70 185
28 72 125
28 74 25
28 82 195
28 83 132
28 85 21
28 86 92
28 88 52
28 91 43
28 94 53
28 95 119
28 107 15
28 110 16
28 112 27
28 114 130
28 115 178
28 117 93
28 118 13
28 119 114
28 121 142
28 122 141
28 123 81
28 125 190
28 127 143
28 128 193
28 134 93
28 137 105
28 140 151
28 141 105
28 144 23
28 146 96
28 149 130
29 2 74
29 4 6
29 7 157
29 9 162
29 10 133
29 11 150
29 13 101
29 14 55
29 18 184
29 20 119
29 23 108
29 24 6
29 31 176
29 33 133
29 35 102
29 38 54
29 39 8
29 42 3
29 44 107
29 45 94
29 48 34
29 49 118
29 51 133
29 53 36
29 54 15
29 59 96
29 60 96
29 64 2
29 66 71
29 67 46
29 69 98
29 70 178
29 71 119
29 76 106
29 78 185
29 80 32
29 85 168
29 86 97
29 87 167
29 88 154
29 90 75
29 92 166
29 93 175
29 94 193
29 98 34
29 99 68
29 100 58
29 102 11
29 103 150
29 104 156
29 105 106
29 106 182
29 108 64
29 109 182
29 113 115
29 115 174
29 116 106
29 117 185
29 119 155
29 121 43
29 122 15
29 123 157
29 125 15
29 126 154
29 128 148
29 129 6
29 132 6
29 133 57
29 136 137
29 138 21
29 140 168
29 141 101
29 142 108
29 143 25
29 145 3
29 146 118
29 147 108
30 2 108
30 3 11
30 5 143
30 6 61
30 7 20
30 8 167
30 9 122
30 12 9
30 13 152
30 15 98
30 16 193
30 17 192
30 18 42
30 19 133
30 20 138
30 21 48
30 23 69
30 24 196
30 25 141
30 26 158
30 27 98
30 28 143
30 31 13
30 32 190
30 35 170
30 36 43
30 37 168
30 38 84
30 40 89
30 41 134
30 43 9
30 44 76
30 45 176
30 46 99
30 47 19
30 49 148
30 50 147
30 52 21
30 54 197
30 56 42
30 57 193
30 58 74
30 67 169
30 69 67
30 70 155
30 71 3
30 72 128
30 73 74
30 74 136
30 75 110
30 76 158
30 77 100
30 78 4
30 79 154
30 83 164
30 84 188
30 86 121
30 87 133
30 88 188
30 89 27
30 91 127
30 92 149
30 93 125
30 94 90
30 98 71
30 100 102
30 101 52
30 103 75
30 106 190
30 110 55
30 113 165
30 119 149
30 120 44
30 121 11
30 125 170
30 126 159
30 128 89
30 129 137
30 133 53
30 135 83
30 136 198
30 137 147
30 138 196
30 142 82
30 144 105
30 145 106
30 146 146
30 147 87
30 148 16
30 149 3
31 1 111
31 2 58
31 4 17
31 9 168
31 11 151
31 17 60
31 18 156
31 22 131
31 23 65
31 25 117
31 27 17
31 29 176
31 30 13
31 36 93
31 37 66
31 40 68
31 41 166
31 43 181
31 45 153
31 49 191
31 52 95
31 55 200
31 57 115
31 58 44
31 59 125
31 60 133
31 61 125
31 62 126
31 64 59
31 65 190
31 66 56
31 67 65
31 68 61
31 69 89
31 70 17
31 71 3
31 72 199
31 73 115
31 78 26
31 79 136
31 81 27
31 82 21
31 84 18
31 86 104
31 87 89
31 91 83
31 94 131
31 95 176
31 96 111
31 98 27
31 101 182
31 103 31
31 104 90
31 105 75
31 107 176
31 110 87
31 112 32
31 114 161
31 115 182
31 116 177
31 120 171
31 127 162
31 128 138
31 130 124
31 131 51
31 133 157
31 134 69
31 136 98
31 137 138
31 138 145
31 139 16
31 142 57
31 143 93
31 145 73
31 148 105
32 1 194
32 4 43
32 5 88
32 6 74
32 7 54
32 8 192
32 9 70
32 10 121
32 11 88
32 12 123
32 13 125
32 14 182
32 16 45
32 18 89
32 20 194
32 21 66
32 23 164
32 24 68
32 25 98
32 27 45
32 30 190
32 34 65
32 36 12
32 37 170
32 38 124
32 40 166
32 42 183
32 43 57
32 44 14
32 48 162
32 53 53
32 56 124
32 57 13
32 61 140
32 64 99
32 65 38
32 66 199
32 67 67
32 68 128
32 69 145
32 70 95
32 72 41
32 73 153
32 76 76
32 77 113
32 79 118
32 81 171
32 85 156
32 87 120
32 89 79
32 93 52
32 95 82
32 97 61
32 98 143
32 99 147
32 100 110
32 101 157
32 105 125
32 108 180
32 109 173
32 110 27
32 113 3
32 114 90
32 116 47
32 117 51
32 118 112
32 120 117
32 123 158
32 126 90
32 127 75
32 128 176
32 130 29
32 134 136
32 135 68
32 137 69
32 139 38
32 140 90
32 141 190
32 142 140
32 143 173
32 144 49
32 148 153
33 2 191
33 3 190
33 8 113
33 9 23
33 10 140
33 11 190
33 12 144
33 17 69
33 18 130
33 19 170
33 20 158
33 21 29
33 23 75
33 24 160
33 25 58
33 26 195
33 27 21
33 29 133
33 34 184
33 36 89
33 39 148
33 40 155
33 45 4
33 47 120
33 48 187
33 54 123
33 55 140
33 56 146
33 57 74
33 58 39
33 59 170
33 68 68
33 73 61
33 75 82
33 77 59
33 80 98
33 86 137
33 88 23
33 90 122
33 92 120
33 93 151
33 94 5
33 95 59
33 98 121
33 99 188
33 102 34
33 104 47
33 105 14
33 106 74
33 107 120
33 108 158
33 111 80
33 112 115
33 113 90
33 114 87
33 118 177
33 119 38
33 120 30
33 123 100
33 127 94
33 132 87
33 133 72
33 135 83
33 136 61
33 138 31
33 139 139
33 141 173
33 143 87
33 144 152
33 146 194
33 147 7
33 148 101
34 1 67
34 2 167
34 3 25
34 5 197
34 6 108
34 8 23
34 10 17
34 13 148
34 16 147
34 18 74
34 19 149
34 21 194
34 22 115
34 23 50
34 24 190
34 26 176
34 27 89
34 28 189
34 32 65
34 33 184
34 37 115
34 44 37
34 45 164
34 46 113
34 47 129
34 48 43
34 50 144
34 51 184
34 52 32
34 54 32
34 55 181
34 58 176
34 60 180
34 65 153
34 68 126
34 69 114
34 71 20
34 72 15
34 73 97
34 74 189
34 77 148
34 80 131
34 81 88
34 82 65
34 84 100
34 85 131
34 86 1
34 88 45
34 94 195
34 95 36
34 97 78
34 99 143
34 100 181
34 101 6
34 102 163
34 103 163
34 105 171
34 111 97
34 112 127
34 113 59
34 115 192
34 117 20
34 118 154
34 119 76
34 121 95
34 123 77
34 125 60
34 126 65
34 128 150
34 129 144
34 131 41
34 133 109
34 138 139
34 142 47
34 143 81
34 144 75
34 148 126
34 149 41
35 2 1
35 3 112
35 4 135
35 5 8
35 8 103
35 11 171
35 13 114
35 14 136
35 15 121
35 17 116
35 20 99
35 21 113
35 22 29
35 23 28
35 24 152
35 28 66
35 29 102
35 30 170
35 36 176
35 37 68
35 38 161
35 40 106
35 41 182
35 42 190
35 45 109
35 46 136
35 47 180
35 48 166
35 49 146
35 51 49
35 57 111
35 60 1
35 62 89
35 67 109
35 68 22
35 73 57
35 75 37
35 76 59
35 77 59
35 78 32
35 79 109
35 81 109
35 82 175
35 83 191
35 84 8
35 85 122
35 86 194
35 87 126
35 89 89
35 91 63
35 94 63
35 95 16
35 100 55
35 101 5
35 103 162
35 104 140
35 106 195
35 108 200
35 109 167
35 110 121
35 111 95
35 112 91
35 113 7
35 115 162
35 117 85
35 118 153
35 127 121
35 129 110
35 130 100
35 132 81
35 134 89
35 135 36
35 138 142
35 139 154
35 144 51
35 145 147
35 147 40
35 149 171
36 4 29
36 5 151
36 6 80
36 7 10
36 8 200
36 9 47
36 14 51
36 16 74
36 20 88
36 21 53
36 24 31
36 26 44
36 27 147
36 30 43
36 31 93
36 32 12
36 33 89
36 35 176
36 38 99
36 46 48
36 47 12
36 48 33
36 50 177
36 53 55
36 57 188
36 58 85
36 59 61
36 60 161
36 66 123
36 68 40
36 74 129
36 77 94
36 78 171
36 79 169
36 81 196
36 85 117
36 86 125
36 88 21
36 89 89
36 90 25
36 91 70
36 93 14
36 95 50
36 96 35
36 97 198
36 98 112
36 99 162
36 103 165
36 104 89
36 105 186
36 109 58
36 112 189
36 113 79
36 119 104
36 120 180
36 122 170
36 124 115
36 125 37
36 129 59
36 132 135
36 134 13
36 141 193
36 142 139
36 143 196
36 144 141
36 147 75
36 148 39
37 2 9
37 4 48
37 7 102
37 10 154
37 12 150
37 13 104
37 14 190
37 15 85
37 16 123
37 17 120
37 18 99
37 19 172
37 23 5
37 24 115
37 25 174
37 28 172
37 30 168
37 31 66
37 32 170
37 34 115
37 35 68
37 38 54
37 39 50
37 42 44
37 48 5
37 49 45
37 51 172
37 52 9
37 53 31
37 54 160
37 56 51
37 57 116
37 58 131
37 59 93
37 60 77
37 61 136
37 63 41
37 65 151
37 67 17
37 68 145
37 69 66
37 70 145
37 71 147
37 72 106
37 73 1
37 77 7
37 78 71
37 80 114
37 81 30
37 82 2
37 83 72
37 84 18
37 85 88
37 88 181
37 90 26
37 91 137
37 93 121
37 94 128
37 96 152
37 100 27
37 101 18
37 103 70
37 104 65
37 107 187
37 109 114
37 111 187
37 112 81
37 113 163
37 114 78
37 115 23
37 116 167
37 119 152
37 122 35
37 124 82
37 132 50
37 137 76
37 138 134
37 139 65
37 142 39
37 143 105
37 145 96
37 146 16
37 148 162
37 149 13
38 1 130
38 5 157
38 8 97
38 10 5
38 12 104
38 14 126
38 15 153
38 16 2
38 19 182
38 21 191
38 23 166
38 24 30
38 29 54
38 30 84
38 32 124
38 35 161
38 36 99
38 37 54
38 41 48
38 43 67
38 44 2
38 45 30
38 46 72
38 47 34
38 48 173
38 51 62
38 52 94
38 53 98
38 54 171
38 56 4
38 57 108
38 60 117
38 61 101
38 63 24
38 64 142
38 65 167
38 66 170
38 68 130
38 69 168
38 70 146
38 71 137
38 72 142
38 74 83
38 79 76
38 82 94
38 85 159
38 86 52
38 88 7
38 89 32
38 90 148
38 95 155
38 98 186
38 100 31
38 104 180
38 107 39
38 108 192
38 110 3
38 111 89
38 113 83
38 114 34
38 115 42
38 117 134
38 119 122
38 121 110
38 122 120
38 124 187
38 126 109
38 127 124
38 128 127
38 130 127
38 133 174
38 134 162
38 135 147
38 136 62
38 139 180
38 141 172
38 142 34
38 143 69
38 145 200
38 148 177
38 149 73
39 1 169
39 2 71
39 4 139
39 7 195
39 8 156
39 12 89
39 13 66
39 14 47
39 15 126
39 23 15
39 24 2
39 25 18
39 26 55
39 28 140
39 29 8
39 33 148
39 37 50
39 40 172
39 42 49
39 43 73
39 44 143
39 48 135
39 50 139
39 52 20
39 54 92
39 55 101
39 57 65
39 58 186
39 61 55
39 62 99
39 63 137
39 66 193
39 67 52
39 69 149
39 73 152
39 74 80
39 75 141
39 78 190
39 79 90
39 80 78
39 82 111
39 83 50
39 84 93
39 87 87
39 92 161
39 97 172
39 101 62
39 102 133
39 103 183
39 104 141
39 105 125
39 107 79
39 109 163
39 112 7
39 113 100
39 114 30
39 116 37
39 117 21
39 118 176
39 119 25
39 120 40
39 122 146
39 126 98
39 127 11
39 130 13
39 132 159
39 133 127
39 134 21
39 135 1
39 137 55
39 139 179
39 142 141
39 144 86
39 145 74
39 148 42
39 149 15
40 1 35
40 4 192
40 6 170
40 8 185
40 11 149
40 12 101
40 13 179
40 16 165
40 20 90
40 22 40
40 23 72
40 24 129
40 27 13
40 30 89
40 31 68
40 32 166
40 33 155
40 35 106
40 39 172
40 43 63
40 44 171
40 45 31
40 46 14
40 47 165
40 48 153
40 50 135
40 52 152
40 57 57
40 60 137
40 62 84
40 64 51
40 65 172
40 67 174
40 69 24
40 71 150
40 72 95
40 73 134
40 74 137
40 76 42
40 77 13
40 80 23
40 81 38
40 82 124
40 83 120
40 85 167
40 90 145
40 92 167
40 93 150
40 94 6
40 95 9
40 96 54
40 97 25
40 98 143
40 101 123
40 103 190
40 104 33
40 109 199
40 110 45
40 111 117
40 112 72
40 116 177
40 120 121
40 122 39
40 124 142
40 125 190
40 126 119
40 129 95
40 131 177
40 133 193
40 137 132
40 138 197
40 139 122
40 141 122
40 143 59
41 1 156
41 5 192
41 6 136
41 7 102
41 9 68
41 12 112
41 17 126
41 18 167
41 20 61
41 24 36
41 26 10
41 27 7
41 30 134
41 31 166
41 35 182
41 38 48
41 42 60
41 44 153
41 45 39
41 46 21
41 47 57
41 48 81
41 50 88
41 52 110
41 54 138
41 56 12
41 60 178
41 61 173
41 65 146
41 66 9
41 67 113
41 69 71
41 71 101
41 75 164
41 76 61
41 77 188
41 80 20
41 83 142
41 84 84
41 85 14
41 88 16
41 89 72
41 90 123
41 91 7
41 93 91
41 94 149
41 95 146
41 98 176
41 100 188
41 102 104
41 104 49
41 105 176
41 106 150
41 107 111
41 109 25
41 110 61
41 112 59
41 115 196
41 116 82
41 117 31
41 120 25
41 121 81
41 122 161
41 124 195
41 125 180
41 126 143
41 127 187
41 134 1
41 135 151
41 139 104
41 141 146
41 142 63
41 143 66
41 144 43
41 145 130
41 146 151
41 147 108
41 149 145
42 1 153
42 2 94
42 3 99
42 4 40
42 5 32
42 7 155
42 8 189
42 9 9
42 11 28
42 12 166
42 16 29
42 18 147
42 20 114
42 24 132
42 25 57
42 27 162
42 28 15
42 29 3
42 32 183
42 35 190
42 37 44
42 39 49
42 41 60
42 43 41
42 44 2
42 45 164
42 46 77
42 47 135
42 50 162
42 52 107
42 54 149
42 55 70
42 58 85
42 59 114
42 62 30
42 63 193
42 64 172
42 67 74
42 70 144
42 71 62
42 72 66
42 75 72
42 76 68
42 77 99
42 78 58
42 81 2
42 83 190
42 84 77
42 85 32
42 86 192
42 89 104
42 90 75
42 91 15
42 93 187
42 96 109
42 98 169
42 100 91
42 101 163
42 102 196
42 111 69
42 115 169
42 118 195
42 120 121
42 122 60
42 124 179
42 127 55
42 128 16
42 129 101
42 131 130
42 132 190
42 136 21
42 139 171
42 140 87
42 141 3
42 145 1
42 149 98
43 1 74
43 2 7
43 3 195
43 5 188
43 6 159
43 7 170
43 8 153
43 9 75
43 10 177
43 12 157
43 14 73
43 15 169
43 16 42
43 18 175
43 20 134
43 23 99
43 24 131
43 25 60
43 26 88
43 27 73
43 30 9
43 31 181
43 32 57
43 38 67
43 39 73
43 40 63
43 42 41
43 46 25
43 47 108
43 51 176
43 53 199
43 54 121
43 56 40
43 57 16
43 58 30
43 59 181
43 60 120
43 64 38
43 67 130
43 68 197
43 70 5
43 71 111
43 72 83
43 73 14
43 74 138
43 75 157
43 77 84
43 78 158
43 79 146
43 80 191
43 81 22
43 82 196
43 84 127
43 86 28
43 88 122
43 90 166
43 91 10
43 93 173
43 99 199
43 100 168
43 101 47
43 104 29
43 106 69
43 108 168
43 109 104
43 110 147
43 111 11
43 112 57
43 113 28
43 115 11
43 116 85
43 117 139
43 118 53
43 120 57
43 121 147
43 123 95
43 126 200
43 128 16
43 130 161
43 132 166
43 133 88
43 134 172
43 135 60
43 136 165
43 137 175
43 140 77
43 141 156
43 145 25
43 146 18
43 147 167
43 148 177
43 149 25
44 1 39
44 2 198
44 4 140
44 5 82
44 7 2
44 8 144
44 9 160
44 15 30
44 18 79
44 20 56
44 21 111
44 22 165
44 24 120
44 27 96
44 29 107
44 30 76
44 32 14
44 34 37
44 38 2
44 39 143
44 40 171
44 41 153
44 42 2
44 45 95
44 48 23
44 50 185
44 52 182
44 53 85
44 56 154
44 57 103
44 58 72
44 59 53
44 60 131
44 66 146
44 69 185
44 71 19
44 80 73
44 81 48
44 82 147
44 83 129
44 86 25
44 90 29
44 94 177
44 95 70
44 96 43
44 100 130
44 103 59
44 107 170
44 108 117
44 109 131
44 113 186
44 115 36
44 118 164
44 119 39
44 120 77
44 121 83
44 122 175
44 128 24
44 129 76
44 130 159
44 138 151
44 139 151
44 141 91
44 142 123
44 143 11
44 147 101
44 148 158
44 149 147
45 1 173
45 2 117
45 5 168
45 6 12
45 8 41
45 9 8
45 10 39
45 12 151
45 16 178
45 18 120
45 20 61
45 21 153
45 22 166
45 23 92
45 24 90
45 25 84
45 28 29
45 29 94
45 30 176
45 31 153
45 33 4
45 34 164
45 35 109
45 38 30
45 40 31
45 41 39
45 42 164
45 44 95
45 49 170
45 50 146
45 53 160
45 55 193
45 56 148
45 57 48
45 58 27
45 63 171
45 66 129
45 67 106
45 71 26
45 76 105
45 78 130
45 79 160
45 81 77
45 83 34
45 87 100
45 88 171
45 90 158
45 93 31
45 98 177
45 99 38
45 100 31
45 101 22
45 102 41
45 103 157
45 106 182
45 107 4
45 113 67
45 114 101
45 115 107
45 116 116
45 117 149
45 118 87
45 121 187
45 122 186
45 124 128
45 125 67
45 126 159
45 128 41
45 129 63
45 130 165
45 132 91
45 134 117
45 135 40
45 136 146
45 137 157
45 138 29
45 139 57
45 141 128
45 142 116
45 143 6
45 146 180
45 148 138
46 4 172
46 6 163
46 7 5
46 8 180
46 10 118
46 12 26
46 15 196
46 17 150
46 18 73
46 20 186
46 22 179
46 26 148
46 30 99
46 34 113
46 35 136
46 36 48
46 38 72
46 40 14
46 41 21
46 42 77
46 43 25
46 51 61
46 52 167
46 53 17
46 54 127
46 55 22
46 56 12
46 57 30
46 58 192
46 60 163
46 61 124
46 66 61
46 68 21
46 69 164
46 72 156
46 74 57
46 75 188
46 78 18
46 80 176
46 81 171
46 83 131
46 84 82
46 85 9
46 86 73
46 92 4
46 94 194
46 95 102
46 96 111
46 97 91
46 98 189
46 102 112
46 103 144
46 104 136
46 106 130
46 108 114
46 112 147
46 113 14
46 115 158
46 117 108
46 118 75
46 119 92
46 122 15
46 124 87
46 127 82
46 128 35
46 131 181
46 132 98
46 133 156
46 137 166
46 138 69
46 142 135
46 146 61
46 147 124
46 148 98
46 149 175
47 2 132
47 4 37
47 7 196
47 11 5
47 16 34
47 17 102
47 18 180
47 20 84
47 21 165
47 25 197
47 30 19
47 33 120
47 34 129
47 35 180
47 36 12
47 38 34
47 40 165
47 41 57
47 42 135
47 43 108
47 50 178
47 54 144
47 55 27
47 57 134
47 60 150
47 61 197
47 62 26
47 65 72
47 66 39
47 68 69
47 74 192
47 77 192
47 80 11
47 81 6
47 83 100
47 84 61
47 88 51
47 89 69
47 91 113
47 93 166
47 95 154
47 96 60
47 98 10
47 100 111
47 101 186
47 104 35
47 107 33
47 109 79
47 111 180
47 115 154
47 117 82
47 118 82
47 119 25
47 120 37
47 121 108
47 122 191
47 124 89
47 126 26
47 130 122
47 132 30
47 133 29
47 135 101
47 136 73
47 137 142
47 138 85
47 139 16
47 142 159
47 143 62
47 144 95
47 147 180
48 2 5
48 4 190
48 8 133
48 9 157
48 10 171
48 11 182
48 13 115
48 14 55
48 19 110
48 20 160
48 21 197
48 22 16
48 24 165
48 28 4
48 29 34
48 32 162
48 33 187
48 34 43
48 35 166
48 36 33
48 37 5
48 38 173
48 39 135
48 40 153
48 41 81
48 44 23
48 49 147
48 53 99
48 56 72
48 57 2
48 58 46
48 60 118
48 62 70
48 64 81
48 65 11
48 67 47
48 69 191
48 70 119
48 75 34
48 76 101
48 79 52
48 81 50
48 82 98
48 85 64
48 86 128
48 87 70
48 91 190
48 92 33
48 93 194
48 96 162
48 99 41
48 100 85
48 102 24
48 104 8
48 105 177
48 108 122
48 111 160
48 115 157
48 116 9
48 117 48
48 120 100
48 123 178
48 124 121
48 126 3
48 127 195
48 134 80
48 135 1
48 139 63
48 141 98
48 142 161
48 143 175
48 144 137
48 145 50
48 149 129
49 1 4
49 2 179
49 5 38
49 7 126
49 9 53
49 10 40
49 14 98
49 15 77
49 16 111
49 18 13
49 20 22
49 21 69
49 22 43
49 23 187
49 24 198
49 26 55
49 28 182
49 29 118
49 30 148
49 31 191
49 35 146
49 37 45
49 45 170
49 48 147
49 51 180
49 54 14
49 57 79
49 59 56
49 61 50
49 62 139
49 65 26
49 66 180
49 69 22
49 71 120
49 73 169
49 75 30
49 79 13
49 81 142
49 82 188
49 83 28
49 85 132
49 88 8
49 92 78
49 93 143
49 94 134
49 96 164
49 98 22
49 99 190
49 100 53
49 102 183
49 104 171
49 105 11
49 107 184
49 112 172
49 114 159
49 116 83
49 117 18
49 118 134
49 119 175
49 120 63
49 121 185
49 123 113
49 124 84
49 130 44
49 131 90
49 134 170
49 136 180
49 140 31
49 141 31
49 142 74
49 144 105
49 146 16
49 148 78
50 2 102
50 3 76
50 8 129
50 9 30
50 11 185
50 12 52
50 15 160
50 19 45
50 21 188
50 23 190
50 25 163
50 27 131
50 30 147
50 34 144
50 36 177
50 39 139
50 40 135
50 41 88
50 42 162
50 44 185
50 45 146
50 47 178
50 51 64
50 53 98
50 59 149
50 60 105
50 61 153
50 62 116
50 63 64
50 66 128
50 67 108
50 68 155
50 71 160
50 73 37
50 75 81
50 76 14
50 80 46
50 84 37
50 85 38
50 87 3
50 88 24
50 93 156
50 94 185
50 97 179
50 100 48
50 104 179
50 106 75
50 108 141
50 110 132
50 111 152
50 112 103
50 114 162
50 115 45
50 116 55
50 119 193
50 121 151
50 123 127
50 124 52
50 125 125
50 127 198
50 132 59
50 134 4
50 136 51
50 137 130
50 138 47
50 140 149
50 142 121
50 145 25
50 147 111
50 148 7
51 1 88
51 3 28
51 4 181
51 5 195
51 6 30
51 7 4
51 9 94
51 10 23
51 11 76
51 12 116
51 15 90
51 18 190
51 19 164
51 21 95
51 22 11
51 27 46
51 28 155
51 29 133
51 34 184
51 35 49
51 37 172
51 38 62
51 43 176
51 46 61
51 49 180
51 50 64
51 53 184
51 54 21
51 61 8
51 65 177
51 67 105
51 68 178
51 69 186
51 70 115
51 72 69
51 73 172
51 75 158
51 76 131
51 77 20
51 78 39
51 80 192
51 82 186
51 83 7
51 84 98
51 85 173
51 86 143
51 88 22
51 90 54
51 91 39
51 92 13
51 94 189
51 96 90
51 97 145
51 99 92
51 101 160
51 103 181
51 104 129
51 106 20
51 107 115
51 108 117
51 109 9
51 110 30
51 113 73
51 115 62
51 117 181
51 118 111
51 120 84
51 122 179
51 123 1
51 127 126
51 131 185
51 138 163
51 140 60
51 141 172
51 149 170
52 5 109
52 7 145
52 8 138
52 16 71
52 23 175
52 25 188
52 26 4
52 27 37
52 30 21
52 31 95
52 34 32
52 37 9
52 38 94
52 39 20
52 40 152
52 41 110
52 42 107
52 44 182
52 46 167
52 54 85
52 57 183
52 59 182
52 60 55
52 62 8
52 65 165
52 66 109
52 67 86
52 68 188
52 69 117
52 71 137
52 75 146
52 77 148
52 78 59
52 84 130
52 86 54
52 87 199
52 89 80
52 90 155
52 91 84
52 92 52
52 93 87
52 94 169
52 96 104
52 97 140
52 99 25
52 100 74
52 106 56
52 107 124
52 108 88
52 110 193
52 111 157
52 112 152
52 114 89
52 116 120
52 119 108
52 124 57
52 125 109
52 126 188
52 127 70
52 128 38
52 129 56
52 131 39
52 132 136
52 134 2
52 135 184
52 136 44
52 141 156
52 142 186
52 143 105
52 145 2
52 149 12
53 8 25
53 10 66
53 15 175
53 21 76
53 23 86
53 25 38
53 27 39
53 29 36
53 32 53
53 36 55
53 37 31
53 38 98
53 43 199
53 44 85
53 45 160
53 46 17
53 48 99
53 50 98
53 51 184
53 54 15
53 55 73
53 56 107
53 57 13
53 59 23
53 61 93
53 62 85
53 63 27
53 66 177
53 67 116
53 68 162
53 70 49
53 71 20
53 72 156
53 73 159
53 75 6
53 77 65
53 79 27
53 82 42
53 85 115
53 86 144
53 87 145
53 90 34
53 91 179
53 92 7
53 93 59
53 97 110
53 98 32
53 100 108
53 102 108
53 103 198
53 107 165
53 108 33
53 109 94
53 110 90
53 111 32
53 112 108
53 113 66
53 116 149
53 117 96
53 118 30
53 119 25
53 122 19
53 124 177
53 127 2
53 128 47
53 129 136
53 130 146
53 134 150
53 135 193
53 136 163
53 140 118
53 144 97
53 145 68
53 146 191
53 147 197
53 148 146
54 1 149
54 3 21
54 6 87
54 9 68
54 11 4
54 13 108
54 16 2
54 18 14
54 19 106
54 20 54
54 23 12
54 26 46
54 27 10
54 29 15
54 30 197
54 33 123
54 34 32
54 37 160
54 38 171
54 39 92
54 41 138
54 42 149
54 43 121
54 46 127
54 47 144
54 49 14
54 51 21
54 52 85
54 53 15
54 59 26
54 61 26
54 68 157
54 69 185
54 71 27
54 72 186
54 76 107
54 78 57
54 81 87
54 83 189
54 86 72
54 87 161
54 89 36
54 91 122
54 94 133
54 98 112
54 101 99
54 102 66
54 103 31
54 105 92
54 106 90
54 107 119
54 108 195
54 112 80
54 116 13
54 121 183
54 122 11
54 125 137
54 127 165
54 128 124
54 129 172
54 130 165
54 131 72
54 134 163
54 135 87
54 136 149
54 138 114
54 143 133
54 145 55
54 147 106
55 3 158
55 5 94
55 6 136
55 8 195
55 10 64
55 14 105
55 17 32
55 20 102
55 22 34
55 25 39
55 31 200
55 33 140
55 34 181
55 39 101
55 42 70
55 45 193
55 46 22
55 47 27
55 53 73
55 57 146
55 60 155
55 61 136
55 71 147
55 75 48
55 77 64
55 78 102
55 80 9
55 82 190
55 83 66
55 85 18
55 86 121
55 87 101
55 89 150
55 91 167
55 92 147
55 93 46
55 94 79
55 96 8
55 99 139
55 101 1
