s 1 71
s 8 145
s 13 12
s 17 100
s 24 83
1 7 174
1 10 97
1 22 117
2 8 136
2 10 25
2 11 21
2 14 140
2 16 42
2 19 133
3 5 127
3 6 198
3 8 70
3 16 123
3 20 68
3 24 93
4 6 70
4 21 132
4 24 104
5 3 127
5 10 75
5 14 163
5 17 17
6 3 198
6 4 70
6 7 128
6 14 126
6 17 47
6 20 98
6 22 143
7 1 174
7 6 128
7 11 82
7 12 198
7 15 175
7 16 179
7 17 8
8 2 136
8 3 70
8 12 138
8 14 180
8 15 43
8 21 119
8 23 27
9 11 71
9 13 191
9 14 88
9 15 171
9 19 83
9 22 183
10 1 97
10 2 25
10 5 75
10 12 119
10 15 118
10 21 111
11 2 21
11 7 82
11 9 71
11 12 135
11 15 102
11 22 50
12 7 198
12 8 138
12 10 119
12 11 135
12 17 148
12 21 151
12 24 88
13 9 191
13 14 107
14 2 140
14 5 163
14 6 126
14 8 180
14 9 88
14 13 107
14 18 152
14 22 87
15 7 175
15 8 43
15 9 171
15 10 118
15 11 102
15 21 119
15 22 168
16 2 42
16 3 123
16 7 179
16 17 61
16 19 108
16 24 32
17 5 17
17 6 47
17 7 8
17 12 148
17 16 61
17 20 32
17 22 69
18 14 152
19 2 133
19 9 83
19 16 108
20 3 68
20 6 98
20 17 32
21 4 132
21 8 119
21 10 111
21 12 151
21 15 119
21 22 121
22 1 117
22 6 143
22 9 183
22 11 50
22 14 87
22 15 168
22 17 69
22 21 121
23 8 27
23 24 59
3 t 93
4 t 104
12 t 88
16 t 32
23 t 59
