s 1 155
s 2 186
s 3 176
s 5 50
s 10 45
s 11 26
s 12 182
s 14 28
s 15 78
s 17 83
s 20 97
s 21 101
s 24 33
s 25 58
s 27 112
s 29 115
s 31 49
s 32 139
s 33 68
s 34 159
s 35 153
s 37 154
s 38 145
s 39 112
s 40 68
s 43 129
s 44 188
s 45 64
s 49 5
1 2 196
1 3 26
1 4 61
1 5 50
1 6 78
1 7 21
1 13 160
1 15 158
1 17 89
1 21 196
1 28 32
1 29 43
1 30 29
1 31 175
1 33 135
1 34 122
1 35 170
1 36 4
1 40 173
1 41 153
1 42 84
1 43 158
1 44 147
1 48 165
2 1 196
2 3 169
2 4 50
2 5 86
2 7 108
2 9 31
2 11 16
2 12 25
2 17 41
2 20 198
2 23 70
2 24 141
2 25 62
2 26 173
2 27 3
2 28 166
2 29 6
2 30 99
2 34 50
2 37 180
2 38 91
2 40 19
2 41 190
2 44 42
2 45 124
2 47 9
2 48 158
3 1 26
3 2 169
3 6 138
3 8 91
3 11 113
3 12 176
3 14 32
3 16 33
3 20 38
3 23 15
3 24 193
3 25 150
3 26 60
3 28 42
3 29 68
3 30 37
3 31 60
3 32 120
3 36 99
3 38 138
3 42 80
3 43 177
3 45 79
3 49 148
4 1 61
4 2 50
4 6 56
4 14 116
4 16 146
4 17 176
4 22 85
4 23 119
4 25 162
4 26 178
4 29 92
4 32 123
4 33 166
4 34 99
4 36 31
4 38 36
4 42 93
4 45 45
4 48 105
4 49 53
5 1 50
5 2 86
5 8 19
5 10 40
5 11 182
5 12 38
5 13 94
5 14 110
5 15 126
5 16 58
5 19 72
5 21 90
5 22 72
5 25 146
5 28 4
5 29 131
5 30 8
5 31 113
5 32 50
5 34 146
5 35 43
5 42 176
5 43 124
5 44 156
5 47 174
5 48 63
5 49 37
6 1 78
6 3 138
6 4 56
6 10 192
6 12 59
6 14 197
6 15 49
6 18 141
6 20 36
6 24 78
6 25 79
6 26 66
6 27 98
6 28 165
6 29 33
6 32 133
6 33 112
6 34 50
6 35 92
6 36 13
6 37 117
6 39 6
6 42 107
6 44 34
6 45 137
6 47 193
6 48 72
6 49 147
7 1 21
7 2 108
7 10 64
7 12 66
7 13 7
7 16 40
7 17 17
7 19 123
7 21 14
7 22 85
7 24 138
7 26 63
7 32 103
7 34 134
7 35 7
7 37 113
7 38 52
7 42 169
7 48 10
7 49 43
8 3 91
8 5 19
8 9 101
8 10 50
8 12 45
8 14 79
8 15 22
8 19 100
8 26 123
8 28 92
8 29 141
8 32 155
8 33 116
8 36 172
8 39 139
8 40 139
8 43 25
8 47 26
8 48 13
9 2 31
9 8 101
9 10 59
9 12 74
9 13 137
9 14 159
9 16 111
9 17 18
9 18 90
9 21 71
9 22 57
9 23 111
9 26 48
9 31 87
9 33 39
9 34 141
9 36 181
9 37 92
9 41 121
9 42 41
9 48 163
9 49 186
10 5 40
10 6 192
10 7 64
10 8 50
10 9 59
10 11 152
10 16 159
10 17 33
10 18 189
10 19 45
10 22 55
10 26 5
10 27 74
10 28 103
10 29 86
10 31 87
10 32 139
10 34 32
10 36 151
10 37 92
10 39 177
10 40 72
10 41 47
10 42 79
10 46 5
10 48 1
11 2 16
11 3 113
11 5 182
11 10 152
11 13 186
11 14 86
11 21 99
11 22 9
11 24 148
11 26 31
11 27 25
11 28 22
11 29 64
11 31 148
11 32 163
11 33 51
11 34 29
11 35 159
11 36 164
11 37 128
11 40 178
11 41 57
11 42 153
11 43 117
11 44 123
11 47 29
11 48 145
12 2 25
12 3 176
12 5 38
12 6 59
12 7 66
12 8 45
12 9 74
12 14 29
12 15 96
12 16 157
12 17 155
12 18 192
12 19 160
12 23 168
12 25 65
12 26 133
12 28 164
12 30 24
12 32 58
12 33 155
12 35 63
12 36 73
12 38 89
12 44 132
12 46 41
12 47 84
13 1 160
13 5 94
13 7 7
13 9 137
13 11 186
13 16 135
13 18 22
13 25 6
13 27 151
13 28 82
13 30 176
13 31 17
13 34 62
13 38 193
13 42 84
13 44 187
13 46 141
13 47 149
13 48 144
14 3 32
14 4 116
14 5 110
14 6 197
14 8 79
14 9 159
14 11 86
14 12 29
14 15 19
14 16 38
14 17 128
14 18 141
14 19 22
14 20 132
14 25 181
14 27 71
14 28 195
14 34 176
14 35 158
14 36 20
14 37 141
14 39 97
14 41 191
14 43 131
14 47 160
15 1 158
15 5 126
15 6 49
15 8 22
15 12 96
15 14 19
15 17 101
15 18 156
15 21 100
15 22 42
15 28 92
15 29 109
15 32 166
15 33 116
15 35 61
15 36 54
15 37 189
15 39 28
15 40 134
15 41 125
15 42 116
15 43 83
16 3 33
16 4 146
16 5 58
16 7 40
16 9 111
16 10 159
16 12 157
16 13 135
16 14 38
16 17 156
16 18 52
16 20 102
16 21 181
16 22 76
16 23 159
16 24 18
16 25 123
16 26 36
16 29 160
16 30 11
16 35 66
16 36 91
16 37 135
16 38 189
16 42 30
16 43 181
16 44 160
16 45 7
16 46 183
16 49 23
17 1 89
17 2 41
17 4 176
17 7 17
17 9 18
17 10 33
17 12 155
17 14 128
17 15 101
17 16 156
17 21 47
17 25 152
17 26 169
17 28 41
17 30 94
17 31 183
17 33 99
17 34 159
17 35 93
17 36 159
17 38 15
17 39 52
17 40 154
17 41 103
17 43 149
17 44 107
17 45 128
17 46 127
17 47 76
17 48 150
17 49 2
18 6 141
18 9 90
18 10 189
18 12 192
18 13 22
18 14 141
18 15 156
18 16 52
18 19 113
18 21 124
18 22 30
18 23 76
18 26 182
18 27 4
18 28 144
18 32 170
18 33 85
18 36 68
18 40 131
18 41 83
18 42 75
18 48 141
18 49 85
19 5 72
19 7 123
19 8 100
19 10 45
19 12 160
19 14 22
19 18 113
19 20 137
19 21 68
19 24 54
19 26 15
19 28 32
19 29 176
19 31 43
19 33 62
19 34 66
19 39 123
19 43 58
19 46 183
20 2 198
20 3 38
20 6 36
20 14 132
20 16 102
20 19 137
20 21 79
20 22 30
20 24 55
20 25 39
20 27 177
20 28 176
20 29 163
20 31 171
20 37 30
20 38 123
20 42 187
20 44 1
20 46 73
20 47 99
20 48 199
20 49 55
21 1 196
21 5 90
21 7 14
21 9 71
21 11 99
21 15 100
21 16 181
21 17 47
21 18 124
21 19 68
21 20 79
21 23 16
21 24 25
21 25 77
21 26 149
21 27 194
21 28 6
21 30 156
21 36 131
21 39 46
21 40 190
21 43 80
21 45 184
21 48 141
21 49 27
22 4 85
22 5 72
22 7 85
22 9 57
22 10 55
22 11 9
22 15 42
22 16 76
22 18 30
22 20 30
22 23 181
22 24 79
22 26 80
22 27 114
22 32 133
22 33 93
22 35 181
22 37 38
22 38 190
22 42 156
22 43 129
22 46 60
22 47 193
22 48 136
22 49 23
23 2 70
23 3 15
23 4 119
23 9 111
23 12 168
23 16 159
23 18 76
23 21 16
23 22 181
23 24 114
23 25 9
23 27 46
23 28 120
23 31 179
23 34 133
23 35 185
23 36 62
23 38 131
23 40 160
23 41 106
23 43 53
23 47 163
23 48 28
24 2 141
24 3 193
24 6 78
24 7 138
24 11 148
24 16 18
24 19 54
24 20 55
24 21 25
24 22 79
24 23 114
24 25 35
24 26 4
24 27 103
24 29 126
24 30 136
24 32 16
24 33 129
24 35 100
24 36 76
24 38 80
24 41 62
24 44 36
24 45 49
24 47 18
24 48 103
25 2 62
25 3 150
25 4 162
25 5 146
25 6 79
25 12 65
25 13 6
25 14 181
25 16 123
25 17 152
25 20 39
25 21 77
25 23 9
25 24 35
25 27 191
25 28 129
25 29 200
25 30 176
25 32 117
25 33 167
25 34 96
25 35 188
25 36 175
25 48 161
25 49 190
26 2 173
26 3 60
26 4 178
26 6 66
26 7 63
26 8 123
26 9 48
26 10 5
26 11 31
26 12 133
26 16 36
26 17 169
26 18 182
26 19 15
26 21 149
26 22 80
26 24 4
26 30 178
26 33 137
26 36 110
26 41 75
26 42 36
26 43 136
26 45 88
26 46 122
26 47 20
26 49 185
27 2 3
27 6 98
27 10 74
27 11 25
27 13 151
27 14 71
27 18 4
27 20 177
27 21 194
27 22 114
27 23 46
27 24 103
27 25 191
27 29 158
27 30 187
27 31 199
27 32 58
27 34 74
27 36 18
27 37 44
27 39 67
27 40 132
27 42 50
27 44 144
27 45 186
27 46 15
28 1 32
28 2 166
28 3 42
28 5 4
28 6 165
28 8 92
28 10 103
28 11 22
28 12 164
28 13 82
28 14 195
28 15 92
28 17 41
28 18 144
28 19 32
28 20 176
28 21 6
28 23 120
28 25 129
28 30 39
28 31 23
28 32 152
28 33 7
28 34 165
28 36 104
28 37 114
28 38 83
28 42 88
28 43 188
28 44 16
28 45 183
28 46 77
28 48 3
29 1 43
29 2 6
29 3 68
29 4 92
29 5 131
29 6 33
29 8 141
29 10 86
29 11 64
29 15 109
29 16 160
29 19 176
29 20 163
29 24 126
29 25 200
29 27 158
29 30 41
29 31 137
29 34 170
29 38 98
29 39 24
29 40 128
29 43 75
29 44 20
29 46 105
29 47 109
29 49 15
30 1 29
30 2 99
30 3 37
30 5 8
30 12 24
30 13 176
30 16 11
30 17 94
30 21 156
30 24 136
30 25 176
30 26 178
30 27 187
30 28 39
30 29 41
30 34 16
30 35 94
30 40 123
30 42 6
30 44 198
30 46 38
30 48 151
31 1 175
31 3 60
31 5 113
31 9 87
31 10 87
31 11 148
31 13 17
31 17 183
31 19 43
31 20 171
31 23 179
31 27 199
31 28 23
31 29 137
31 32 29
31 37 46
31 39 79
31 41 2
31 43 181
31 44 191
31 45 159
31 48 182
32 3 120
32 4 123
32 5 50
32 6 133
32 7 103
32 8 155
32 10 139
32 11 163
32 12 58
32 15 166
32 18 170
32 22 133
32 24 16
32 25 117
32 27 58
32 28 152
32 31 29
32 33 160
32 37 137
32 38 142
32 39 185
32 41 15
32 43 33
32 47 162
32 49 200
33 1 135
33 4 166
33 6 112
33 8 116
33 9 39
33 11 51
33 12 155
33 15 116
33 17 99
33 18 85
33 19 62
33 22 93
33 24 129
33 25 167
33 26 137
33 28 7
33 32 160
33 34 166
33 37 136
33 41 176
33 43 127
33 46 153
33 48 56
34 1 122
34 2 50
34 4 99
34 5 146
34 6 50
34 7 134
34 9 141
34 10 32
34 11 29
34 13 62
34 14 176
34 17 159
34 19 66
34 23 133
34 25 96
34 27 74
34 28 165
34 29 170
34 30 16
34 33 166
34 36 22
34 37 139
34 38 146
34 39 122
34 42 119
34 45 49
34 49 186
35 1 170
35 5 43
35 6 92
35 7 7
35 11 159
35 12 63
35 14 158
35 15 61
35 16 66
35 17 93
35 22 181
35 23 185
35 24 100
35 25 188
35 30 94
35 37 199
35 39 131
35 43 38
35 44 78
35 48 190
35 49 103
36 1 4
36 3 99
36 4 31
36 6 13
36 8 172
36 9 181
36 10 151
36 11 164
36 12 73
36 14 20
36 15 54
36 16 91
36 17 159
36 18 68
36 21 131
36 23 62
36 24 76
36 25 175
36 26 110
36 27 18
36 28 104
36 34 22
36 38 108
36 40 96
36 46 12
36 47 124
36 49 71
37 2 180
37 6 117
37 7 113
37 9 92
37 10 92
37 11 128
37 14 141
37 15 189
37 16 135
37 20 30
37 22 38
37 27 44
37 28 114
37 31 46
37 32 137
37 33 136
37 34 139
37 35 199
37 40 21
37 41 172
37 42 122
37 44 48
37 45 7
37 46 6
37 47 177
37 49 130
38 2 91
38 3 138
38 4 36
38 7 52
38 12 89
38 13 193
38 16 189
38 17 15
38 20 123
38 22 190
38 23 131
38 24 80
38 28 83
38 29 98
38 32 142
38 34 146
38 36 108
38 39 3
38 40 65
38 42 107
38 44 67
38 45 103
38 46 189
38 47 190
38 49 110
39 6 6
39 8 139
39 10 177
39 14 97
39 15 28
39 17 52
39 19 123
39 21 46
39 27 67
39 29 24
39 31 79
39 32 185
39 34 122
39 35 131
39 38 3
39 40 79
39 44 107
39 45 36
39 46 24
39 48 106
40 1 173
40 2 19
40 8 139
40 10 72
40 11 178
40 15 134
40 17 154
40 18 131
40 21 190
40 23 160
40 27 132
40 29 128
40 30 123
40 36 96
40 37 21
40 38 65
40 39 79
40 42 132
40 43 50
40 44 97
40 46 151
40 48 30
41 1 153
41 2 190
41 9 121
41 10 47
41 11 57
41 14 191
41 15 125
41 17 103
41 18 83
41 23 106
41 24 62
41 26 75
41 31 2
41 32 15
41 33 176
41 37 172
41 43 75
41 44 35
41 45 167
41 46 1
41 47 16
41 48 42
41 49 13
42 1 84
42 3 80
42 4 93
42 5 176
42 6 107
42 7 169
42 9 41
42 10 79
42 11 153
42 13 84
42 15 116
42 16 30
42 18 75
42 20 187
42 22 156
42 26 36
42 27 50
42 28 88
42 30 6
42 34 119
42 37 122
42 38 107
42 40 132
42 44 169
43 1 158
43 3 177
43 5 124
43 8 25
43 11 117
43 14 131
43 15 83
43 16 181
43 17 149
43 19 58
43 21 80
43 22 129
43 23 53
43 26 136
43 28 188
43 29 75
43 31 181
43 32 33
43 33 127
43 35 38
43 40 50
43 41 75
43 44 16
43 45 145
43 47 42
43 48 136
43 49 110
44 1 147
44 2 42
44 5 156
44 6 34
44 11 123
44 12 132
44 13 187
44 16 160
44 17 107
44 20 1
44 24 36
44 27 144
44 28 16
44 29 20
44 30 198
44 31 191
44 35 78
44 37 48
44 38 67
44 39 107
44 40 97
44 41 35
44 42 169
44 43 16
44 47 8
44 48 137
44 49 197
45 2 124
45 3 79
45 4 45
45 6 137
45 16 7
45 17 128
45 21 184
45 24 49
45 26 88
45 27 186
45 28 183
45 31 159
45 34 49
45 37 7
45 38 103
45 39 36
45 41 167
45 43 145
46 10 5
46 12 41
46 13 141
46 16 183
46 17 127
46 19 183
46 20 73
46 22 60
46 26 122
46 27 15
46 28 77
46 29 105
46 30 38
46 33 153
46 36 12
46 37 6
46 38 189
46 39 24
46 40 151
46 41 1
46 47 183
46 48 151
46 49 189
47 2 9
47 5 174
47 6 193
47 8 26
47 11 29
47 12 84
47 13 149
47 14 160
47 17 76
47 20 99
47 22 193
47 23 163
47 24 18
47 26 20
47 29 109
47 32 162
47 36 124
47 37 177
47 38 190
47 41 16
47 43 42
47 44 8
47 46 183
47 49 43
48 1 165
48 2 158
48 4 105
48 5 63
48 6 72
48 7 10
48 8 13
48 9 163
48 10 1
48 11 145
48 13 144
48 17 150
48 18 141
48 20 199
48 21 141
48 22 136
48 23 28
48 24 103
48 25 161
48 28 3
48 30 151
48 31 182
48 33 56
48 35 190
48 39 106
48 40 30
48 41 42
48 43 136
48 44 137
48 46 151
48 49 146
3 t 148
4 t 53
5 t 37
6 t 147
7 t 43
9 t 186
16 t 23
17 t 2
18 t 85
20 t 55
21 t 27
22 t 23
25 t 190
26 t 185
29 t 15
32 t 200
34 t 186
35 t 103
36 t 71
37 t 130
38 t 110
41 t 13
43 t 110
44 t 197
46 t 189
47 t 43
48 t 146
