s 21 200
s 57 167
s 68 185
s 94 169
s 106 60
s 128 119
s 143 59
s 145 123
1 5 153
1 9 53
1 45 118
1 69 74
1 72 68
1 73 123
1 97 30
1 145 80
1 150 11
1 168 71
1 182 191
2 5 132
2 9 198
2 26 115
2 34 135
2 111 96
2 121 135
2 143 138
2 157 131
2 159 105
2 164 191
2 165 115
2 180 133
2 181 123
3 58 73
3 123 77
3 164 70
3 190 32
3 194 83
4 15 178
4 22 169
4 25 148
4 64 169
4 69 61
4 81 49
4 117 116
4 118 140
4 135 181
4 148 117
4 173 163
4 174 169
4 182 132
4 194 116
5 1 153
5 2 132
5 58 116
5 64 176
5 76 108
5 95 83
5 103 95
5 118 169
5 123 51
5 133 8
5 147 142
6 51 12
6 52 92
6 63 59
6 82 49
6 93 81
6 113 33
6 147 12
7 24 125
7 56 40
7 72 124
7 74 170
7 89 180
7 102 134
7 106 165
7 120 171
7 147 200
7 156 9
7 166 186
7 177 28
7 199 2
8 22 173
8 40 77
8 42 139
8 61 146
8 79 70
8 134 180
8 145 3
8 162 177
9 1 53
9 2 198
9 11 71
9 26 49
9 66 73
9 79 31
9 87 95
9 94 190
9 143 144
9 160 2
9 180 160
9 192 199
9 196 67
9 197 141
10 21 177
10 46 118
10 81 57
10 84 169
10 95 12
10 116 69
10 118 24
10 122 192
10 124 92
10 175 135
10 185 184
10 186 55
11 9 71
11 36 59
11 44 144
11 45 193
11 47 20
11 50 152
11 51 157
11 58 108
11 79 163
11 85 141
11 109 63
11 118 200
11 125 190
11 140 30
11 155 54
11 157 52
12 15 139
12 21 200
12 54 151
12 83 80
12 84 195
12 90 165
12 99 122
12 100 1
12 119 84
12 135 174
12 138 9
12 170 52
12 175 160
12 181 4
13 73 186
13 74 32
13 103 51
13 108 181
13 122 37
13 154 55
13 159 189
13 173 46
13 180 74
13 198 133
14 18 80
14 19 139
14 30 192
14 33 123
14 50 127
14 62 17
14 79 51
14 160 199
14 169 190
14 181 139
15 4 178
15 12 139
15 18 191
15 42 33
15 63 18
15 65 148
15 66 28
15 69 23
15 96 34
15 128 150
15 143 41
15 152 76
15 170 53
15 182 108
16 30 71
17 36 163
17 51 57
17 52 90
17 77 61
17 97 112
17 103 35
17 110 124
17 135 143
17 146 98
17 150 79
17 167 18
17 182 68
17 193 120
17 194 138
18 14 80
18 15 191
18 82 74
18 97 37
18 110 15
18 143 47
18 168 10
18 169 83
18 181 23
19 14 139
19 74 130
19 90 108
19 107 184
19 109 88
19 111 82
19 135 12
19 155 193
19 191 51
20 52 112
20 92 84
20 103 48
20 139 80
20 152 91
20 153 10
20 162 10
20 165 167
20 193 94
20 198 184
21 10 177
21 12 200
21 24 39
21 89 147
21 102 94
21 105 75
21 123 161
21 134 121
21 141 43
21 143 142
21 151 172
21 160 19
21 176 101
22 4 169
22 8 173
22 23 101
22 68 48
22 87 159
22 89 148
22 92 63
22 114 184
22 123 110
22 129 147
22 130 34
22 139 193
22 182 161
22 189 4
22 190 89
22 199 94
23 22 101
23 27 43
23 46 59
23 68 10
23 70 24
23 79 104
23 117 94
23 135 177
23 139 52
23 165 39
24 7 125
24 21 39
24 31 48
24 64 125
24 117 24
24 123 35
24 129 170
24 178 189
24 182 27
25 4 148
25 28 162
25 33 146
25 48 49
25 66 6
25 70 191
25 73 91
25 77 15
25 88 29
25 98 60
25 156 200
25 162 195
25 163 36
25 180 81
25 187 110
25 197 85
26 2 115
26 9 49
26 40 82
26 53 187
26 82 53
26 85 13
26 96 5
26 142 105
26 143 99
26 167 67
26 177 78
26 191 86
26 193 85
27 23 43
27 30 192
27 63 7
27 66 27
27 86 38
27 94 176
27 111 15
27 118 93
27 136 8
27 151 164
27 179 181
27 182 133
28 25 162
28 40 197
28 66 64
28 79 84
28 88 25
28 108 128
28 116 138
28 123 128
28 140 180
28 146 79
28 161 61
28 174 73
28 192 98
29 65 54
29 69 183
29 89 25
29 126 37
29 139 185
29 160 135
29 172 183
30 14 192
30 16 71
30 27 192
30 46 109
30 49 73
30 53 174
30 91 2
30 131 167
30 137 200
30 171 182
30 176 46
30 186 56
30 196 95
31 24 48
31 37 172
31 51 109
31 78 70
31 80 169
31 88 99
31 139 14
31 148 116
31 149 23
32 40 148
32 44 1
32 102 76
32 111 86
32 116 167
32 140 105
32 148 35
32 173 70
32 175 174
32 185 95
32 193 44
32 197 117
33 14 123
33 25 146
33 37 185
33 41 28
33 59 136
33 82 161
33 90 171
33 97 77
33 115 143
33 119 109
33 121 190
33 124 45
33 128 84
33 135 26
33 148 133
33 150 164
33 152 50
33 183 181
34 2 135
34 42 24
34 62 111
34 88 23
34 112 200
34 155 23
34 176 156
34 185 152
34 196 110
35 52 66
35 79 73
35 99 28
35 104 8
35 154 46
35 169 172
36 11 59
36 17 163
36 40 72
36 98 189
36 128 191
36 166 53
36 174 169
37 31 172
37 33 185
37 38 198
37 59 97
37 64 4
37 68 46
37 69 154
37 110 69
37 176 6
37 189 162
38 37 198
38 52 88
38 104 159
38 106 85
38 136 4
38 144 67
39 40 38
39 82 171
39 98 157
39 102 164
39 131 100
39 141 84
39 144 80
39 154 180
39 155 168
39 157 121
39 162 184
39 180 186
39 184 34
39 185 42
39 192 143
40 8 77
40 26 82
40 28 197
40 32 148
40 36 72
40 39 38
40 111 42
40 113 84
40 115 89
40 116 81
40 117 112
40 133 33
40 135 160
40 145 155
40 179 95
40 181 65
40 184 36
40 189 54
41 33 28
41 52 180
41 85 78
41 98 174
41 142 21
41 177 156
41 198 98
42 8 139
42 15 33
42 34 24
42 48 63
42 51 13
42 84 98
42 97 95
42 136 31
42 144 17
42 176 129
42 178 195
43 45 142
43 136 184
43 144 163
43 183 127
43 194 102
44 11 144
44 32 1
44 61 57
44 66 72
44 72 85
44 82 31
44 91 42
44 99 120
44 105 153
44 134 35
44 196 61
45 1 118
45 11 193
45 43 142
45 48 38
45 63 76
45 96 177
46 10 118
46 23 59
46 30 109
46 164 164
47 11 20
47 57 135
47 81 68
47 95 27
47 162 22
47 187 15
47 193 139
48 25 49
48 42 63
48 45 38
48 57 107
48 88 132
48 95 100
48 101 46
48 108 18
48 118 170
48 134 163
48 158 138
48 159 171
48 193 186
48 194 130
48 197 36
49 30 73
49 63 142
49 67 60
49 73 74
49 80 13
49 149 152
49 186 46
50 11 152
50 14 127
50 67 26
50 73 72
50 96 162
50 97 189
50 103 14
50 126 30
50 127 105
50 133 181
50 134 71
50 168 79
51 6 12
51 11 157
51 17 57
51 31 109
51 42 13
51 89 103
51 99 200
51 133 50
51 141 146
51 182 75
52 6 92
52 17 90
52 20 112
52 35 66
52 38 88
52 41 180
52 76 119
52 83 183
52 93 76
52 102 166
52 105 113
52 122 116
52 143 88
52 166 41
52 168 182
53 26 187
53 30 174
53 69 19
53 70 68
53 82 162
53 138 118
53 158 67
53 172 30
53 181 169
53 191 120
53 195 162
53 198 125
54 12 151
54 64 85
54 70 133
54 79 51
54 137 37
54 142 126
54 180 123
54 190 78
55 59 132
55 78 29
55 168 59
56 7 40
56 58 177
56 91 149
56 105 162
56 121 24
56 122 78
56 132 148
56 136 37
56 150 190
56 185 95
57 47 135
57 48 107
57 59 52
57 68 75
57 75 133
57 78 53
57 85 187
57 98 191
57 123 94
57 127 28
57 143 35
57 169 172
58 3 73
58 5 116
58 11 108
58 56 177
58 65 154
58 126 179
58 129 111
58 130 2
58 138 55
58 149 74
58 175 51
59 33 136
59 37 97
59 55 132
59 57 52
59 103 104
60 68 52
60 92 192
60 132 159
60 149 55
60 158 92
60 168 86
60 170 100
60 179 66
61 8 146
61 44 57
61 76 103
61 103 5
61 108 187
61 110 77
61 117 40
61 133 89
61 135 31
61 142 199
61 156 33
61 176 32
61 189 110
62 14 17
62 34 111
62 78 92
62 98 30
62 153 96
62 163 27
62 168 138
63 6 59
63 15 18
63 27 7
63 45 76
63 49 142
63 69 128
63 83 6
63 89 153
63 117 147
63 130 6
63 134 143
63 163 155
63 165 24
63 175 61
63 185 45
64 4 169
64 5 176
64 24 125
64 37 4
64 54 85
64 100 72
64 135 194
64 144 2
64 158 108
64 164 94
64 197 62
65 15 148
65 29 54
65 58 154
65 106 196
65 140 95
65 150 67
65 160 200
65 193 103
66 9 73
66 15 28
66 25 6
66 27 27
66 28 64
66 44 72
66 94 22
66 109 131
66 116 78
66 119 40
66 121 185
66 157 117
66 171 195
66 179 137
66 180 183
67 49 60
67 50 26
67 85 169
67 127 108
67 182 10
68 22 48
68 23 10
68 37 46
68 57 75
68 60 52
68 83 61
68 119 160
68 122 30
68 123 163
68 132 170
68 157 11
68 166 46
68 176 176
69 1 74
69 4 61
69 15 23
69 29 183
69 37 154
69 53 19
69 63 128
69 75 73
69 84 77
69 131 9
69 157 107
69 177 174
69 183 73
70 23 24
70 25 191
70 53 68
70 54 133
70 97 47
70 115 188
70 124 148
70 165 80
70 188 3
71 80 170
71 83 90
71 108 48
71 110 92
71 155 70
71 161 96
71 181 196
72 1 68
72 7 124
72 44 85
72 79 14
72 89 51
72 103 71
72 108 103
72 118 31
72 119 185
72 124 34
72 191 197
73 1 123
73 13 186
73 25 91
73 49 74
73 50 72
73 126 105
73 149 145
73 167 36
73 190 41
74 7 170
74 13 32
74 19 130
74 125 149
74 143 71
74 144 18
74 186 59
75 57 133
75 69 73
75 93 195
75 110 83
75 118 93
75 128 177
75 129 6
75 134 3
75 148 78
75 185 9
76 5 108
76 52 119
76 61 103
76 87 50
76 122 193
77 17 61
77 25 15
77 87 138
77 113 46
77 116 149
77 138 90
77 139 58
78 31 70
78 55 29
78 57 53
78 62 92
78 79 104
78 110 164
78 116 86
78 139 1
78 144 75
78 158 186
78 164 134
78 182 179
78 183 125
78 190 69
79 8 70
79 9 31
79 11 163
79 14 51
79 23 104
79 28 84
79 35 73
79 54 51
79 72 14
79 78 104
79 110 139
79 127 62
79 137 163
79 141 29
79 150 125
79 193 142
80 31 169
80 49 13
80 71 170
80 85 195
80 92 92
80 99 140
80 152 147
80 175 164
80 179 7
81 4 49
81 10 57
81 47 68
81 105 177
81 151 159
81 183 120
81 185 159
82 6 49
82 18 74
82 26 53
82 33 161
82 39 171
82 44 31
82 53 162
82 94 55
82 104 107
82 149 65
82 150 64
82 153 154
82 166 138
82 167 43
82 170 105
82 172 117
82 182 68
83 12 80
83 52 183
83 63 6
83 68 61
83 71 90
83 91 136
83 106 120
83 126 172
83 140 60
83 173 153
83 174 180
83 193 39
83 198 72
84 10 169
84 12 195
84 42 98
84 69 77
84 94 70
84 199 139
85 11 141
85 26 13
85 41 78
85 57 187
85 67 169
85 80 195
85 121 136
85 148 156
85 166 92
85 187 100
85 192 19
86 27 38
86 97 135
86 109 97
86 116 180
86 125 131
86 128 6
86 129 185
86 140 56
86 149 81
87 9 95
87 22 159
87 76 50
87 77 138
87 129 189
87 188 37
88 25 29
88 28 25
88 31 99
88 34 23
88 48 132
88 102 1
88 144 1
88 149 156
88 164 106
88 173 63
88 188 112
88 190 71
89 7 180
89 21 147
89 22 148
89 29 25
89 51 103
89 63 153
89 72 51
89 95 111
89 152 101
89 182 148
89 188 77
90 12 165
90 19 108
90 33 171
90 104 19
90 112 2
90 166 117
90 170 91
90 176 4
90 177 153
90 179 137
91 30 2
91 44 42
91 56 149
91 83 136
91 105 132
91 125 144
91 141 189
91 145 109
91 161 34
91 170 194
91 174 16
92 20 84
92 22 63
92 60 192
92 80 92
92 94 161
92 104 3
92 139 21
92 152 184
92 177 163
92 198 160
93 6 81
93 52 76
93 75 195
93 113 41
93 114 48
93 139 178
93 146 26
93 177 63
94 9 190
94 27 176
94 66 22
94 82 55
94 84 70
94 92 161
94 115 159
94 138 102
94 164 91
94 167 112
94 172 155
94 185 180
95 5 83
95 10 12
95 47 27
95 48 100
95 89 111
95 120 159
95 127 191
95 139 195
95 142 6
95 143 57
95 151 109
95 190 197
96 15 34
96 26 5
96 45 177
96 50 162
96 131 121
96 133 87
96 136 189
96 167 166
96 171 172
96 180 168
96 197 34
97 1 30
97 17 112
97 18 37
97 33 77
97 42 95
97 50 189
97 70 47
97 86 135
97 134 184
97 157 187
97 180 68
97 181 92
97 184 98
97 192 22
98 25 60
98 36 189
98 39 157
98 41 174
98 57 191
98 62 30
98 103 84
98 149 100
98 179 66
98 199 115
99 12 122
99 35 28
99 44 120
99 51 200
99 80 140
99 106 102
99 139 138
99 185 89
99 186 188
100 12 1
100 64 72
100 128 171
100 132 109
100 194 147
100 196 77
101 48 46
101 129 81
101 130 1
101 146 1
101 172 52
101 177 151
101 179 190
101 194 61
102 7 134
102 21 94
102 32 76
102 39 164
102 52 166
102 88 1
102 125 128
102 140 9
102 190 120
103 5 95
103 13 51
103 17 35
103 20 48
103 50 14
103 59 104
103 61 5
103 72 71
103 98 84
103 105 104
103 112 107
103 122 145
103 132 71
103 173 146
103 177 105
103 179 175
103 182 49
103 190 151
104 35 8
104 38 159
104 82 107
104 90 19
104 92 3
104 162 136
104 170 51
105 21 75
105 44 153
105 52 113
105 56 162
105 81 177
105 91 132
105 103 104
105 148 51
105 184 78
106 7 165
106 38 85
106 65 196
106 83 120
106 99 102
106 107 96
106 150 88
106 162 163
106 167 136
106 177 118
106 178 32
107 19 184
107 106 96
107 113 37
107 124 71
107 136 40
107 138 163
107 141 139
107 161 77
107 176 189
108 13 181
108 28 128
108 48 18
108 61 187
108 71 48
108 72 103
108 143 168
108 148 194
108 149 127
108 177 14
109 11 63
109 19 88
109 66 131
109 86 97
109 131 10
109 162 91
109 168 104
110 17 124
110 18 15
110 37 69
110 61 77
110 71 92
110 75 83
110 78 164
110 79 139
110 112 64
110 122 136
110 159 114
110 161 29
110 162 184
110 164 130
110 184 93
111 2 96
111 19 82
111 27 15
111 32 86
111 40 42
111 115 8
111 123 131
111 125 19
112 34 200
112 90 2
112 103 107
112 110 64
112 113 39
112 161 119
113 6 33
113 40 84
113 77 46
113 93 41
113 107 37
113 112 39
113 158 95
113 159 30
113 169 145
113 189 87
113 198 39
114 22 184
114 93 48
114 118 127
114 123 44
114 195 89
115 33 143
115 40 89
115 70 188
115 94 159
115 111 8
115 146 143
115 161 36
115 170 15
115 175 70
115 181 156
116 10 69
116 28 138
116 32 167
116 40 81
116 66 78
116 77 149
116 78 86
116 86 180
116 117 64
116 120 39
116 136 132
116 141 111
116 159 96
116 166 35
116 188 72
116 192 19
117 4 116
117 23 94
117 24 24
117 40 112
117 61 40
117 63 147
117 116 64
117 123 48
117 127 110
117 148 184
117 164 84
117 171 143
118 4 140
118 5 169
118 10 24
118 11 200
118 27 93
118 48 170
118 72 31
118 75 93
118 114 127
118 120 122
118 128 167
118 130 152
118 149 172
118 154 26
118 161 42
118 165 94
118 192 128
118 198 190
119 12 84
119 33 109
119 66 40
119 68 160
119 72 185
119 171 86
119 193 60
120 7 171
120 95 159
120 116 39
120 118 122
120 145 125
120 186 80
120 189 184
121 2 135
121 33 190
121 56 24
121 66 185
121 85 136
121 141 166
121 192 135
121 198 64
122 10 192
122 13 37
122 52 116
122 56 78
122 68 30
122 76 193
122 103 145
122 110 136
122 155 98
122 161 13
122 189 1
123 3 77
123 5 51
123 21 161
123 22 110
123 24 35
123 28 128
123 57 94
123 68 163
123 111 131
123 114 44
123 117 48
123 156 128
124 10 92
124 33 45
124 70 148
124 72 34
124 107 71
124 178 70
124 186 13
125 11 190
125 74 149
125 86 131
125 91 144
125 102 128
125 111 19
125 169 54
125 174 162
125 176 122
125 193 164
126 29 37
126 50 30
126 58 179
126 73 105
126 83 172
126 149 79
126 158 87
126 174 89
126 180 142
127 50 105
127 57 28
127 67 108
127 79 62
127 95 191
127 117 110
128 15 150
128 33 84
128 36 191
128 75 177
128 86 6
128 100 171
128 118 167
128 130 10
128 167 153
128 180 51
128 199 144
129 22 147
129 24 170
129 58 111
129 75 6
129 86 185
129 87 189
129 101 81
129 139 150
129 163 4
129 174 1
129 179 179
130 22 34
130 58 2
130 63 6
130 101 1
130 118 152
130 128 10
130 141 169
130 169 189
130 178 61
130 198 117
131 30 167
131 39 100
131 69 9
131 96 121
131 109 10
131 138 196
131 176 89
131 183 31
132 56 148
132 60 159
132 68 170
132 100 109
132 103 71
132 136 192
132 164 34
132 185 193
133 5 8
133 40 33
133 50 181
133 51 50
133 61 89
133 96 87
133 134 89
133 155 160
133 170 140
133 186 53
133 190 60
134 8 180
134 21 121
134 44 35
134 48 163
134 50 71
134 63 143
134 75 3
134 97 184
134 133 89
134 135 114
134 160 3
134 165 31
135 4 181
135 12 174
135 17 143
135 19 12
135 23 177
135 33 26
135 40 160
135 61 31
135 64 194
135 134 114
135 137 138
135 139 164
135 152 125
135 174 84
135 183 33
135 188 29
135 190 194
136 27 8
136 38 4
136 42 31
136 43 184
136 56 37
136 96 189
136 107 40
136 116 132
136 132 192
136 139 189
136 168 71
137 30 200
137 54 37
137 79 163
137 135 138
137 178 82
137 188 95
137 191 149
137 195 117
137 196 132
138 12 9
138 53 118
138 58 55
138 77 90
138 94 102
138 107 163
138 131 196
138 157 171
138 166 161
138 174 71
138 176 130
138 188 30
139 20 80
139 22 193
139 23 52
139 29 185
139 31 14
139 77 58
139 78 1
139 92 21
139 93 178
139 95 195
139 99 138
139 129 150
139 135 164
139 136 189
139 146 89
139 153 7
140 11 30
140 28 180
140 32 105
140 65 95
140 83 60
140 86 56
140 102 9
140 198 57
141 21 43
141 39 84
141 51 146
141 79 29
141 91 189
141 107 139
141 116 111
141 121 166
141 130 169
142 26 105
142 41 21
142 54 126
142 61 199
142 95 6
142 159 26
142 162 123
142 170 188
142 179 180
143 2 138
143 9 144
143 15 41
143 18 47
143 21 142
143 26 99
143 52 88
143 57 35
143 74 71
143 95 57
143 108 168
143 150 113
143 162 96
143 170 78
143 176 33
144 38 67
144 39 80
144 42 17
144 43 163
144 64 2
144 74 18
144 78 75
144 88 1
144 161 97
144 171 24
145 1 80
145 8 3
145 40 155
145 91 109
145 120 125
145 147 95
145 151 188
145 181 21
145 193 16
146 17 98
146 28 79
146 93 26
146 101 1
146 115 143
146 139 89
146 151 186
146 175 172
147 5 142
147 6 12
147 7 200
147 145 95
147 149 70
147 158 21
147 162 21
147 196 119
148 4 117
148 31 116
148 32 35
148 33 133
148 75 78
148 85 156
148 105 51
148 108 194
148 117 184
148 159 64
149 31 23
149 49 152
149 58 74
149 60 55
149 73 145
149 82 65
149 86 81
149 88 156
149 98 100
149 108 127
149 118 172
149 126 79
149 147 70
150 1 11
150 17 79
150 33 164
150 56 190
150 65 67
150 79 125
150 82 64
150 106 88
150 143 113
150 182 9
150 195 29
151 21 172
151 27 164
151 81 159
151 95 109
151 145 188
151 146 186
152 15 76
152 20 91
152 33 50
152 80 147
152 89 101
152 92 184
152 135 125
152 170 74
152 190 149
153 20 10
153 62 96
153 82 154
153 139 7
153 154 144
153 157 20
153 181 12
154 13 55
154 35 46
154 39 180
154 118 26
154 153 144
154 156 80
154 159 29
154 162 104
154 178 62
154 199 98
155 11 54
155 19 193
155 34 23
155 39 168
155 71 70
155 122 98
155 133 160
155 178 139
156 7 9
156 25 200
156 61 33
156 123 128
156 154 80
156 167 55
156 191 112
156 197 196
157 2 131
157 11 52
157 39 121
157 66 117
157 68 11
157 69 107
157 97 187
157 138 171
157 153 20
157 169 101
158 48 138
158 53 67
158 60 92
158 64 108
158 78 186
158 113 95
158 126 87
158 147 21
158 168 143
158 180 91
159 2 105
159 13 189
159 48 171
159 110 114
159 113 30
159 116 96
159 142 26
159 148 64
159 154 29
160 9 2
160 14 199
160 21 19
160 29 135
160 65 200
160 134 3
160 176 181
160 195 56
161 28 61
161 71 96
161 91 34
161 107 77
161 110 29
161 112 119
161 115 36
161 118 42
161 122 13
161 144 97
161 182 169
162 8 177
162 20 10
162 25 195
162 39 184
162 47 22
162 104 136
162 106 163
162 109 91
162 110 184
162 142 123
162 143 96
162 147 21
162 154 104
162 185 197
163 25 36
163 62 27
163 63 155
163 129 4
163 167 46
163 174 39
163 180 136
164 2 191
164 3 70
164 46 164
164 64 94
164 78 134
164 88 106
164 94 91
164 110 130
164 117 84
164 132 34
164 179 77
165 2 115
165 20 167
165 23 39
165 63 24
165 70 80
165 118 94
165 134 31
165 177 99
166 7 186
166 36 53
166 52 41
166 68 46
166 82 138
166 85 92
166 90 117
166 116 35
166 138 161
166 175 3
166 178 144
167 17 18
167 26 67
167 73 36
167 82 43
167 94 112
167 96 166
167 106 136
167 128 153
167 156 55
167 163 46
168 1 71
168 18 10
168 50 79
168 52 182
168 55 59
168 60 86
168 62 138
168 109 104
168 136 71
168 158 143
168 173 69
169 14 190
169 18 83
169 35 172
169 57 172
169 113 145
169 125 54
169 130 189
169 157 101
169 185 79
170 12 52
170 15 53
170 60 100
170 82 105
170 90 91
170 91 194
170 104 51
170 115 15
170 133 140
170 142 188
170 143 78
170 152 74
170 191 24
171 30 182
171 66 195
171 96 172
171 117 143
171 119 86
171 144 24
172 29 183
172 53 30
172 82 117
172 94 155
172 101 52
172 174 178
172 186 78
172 193 198
172 197 183
173 4 163
173 13 46
173 32 70
173 83 153
173 88 63
173 103 146
173 168 69
173 178 25
174 4 169
174 28 73
174 36 169
174 83 180
174 91 16
174 125 162
174 126 89
174 129 1
174 135 84
174 138 71
174 163 39
174 172 178
174 190 111
175 10 135
175 12 160
175 32 174
175 58 51
175 63 61
175 80 164
175 115 70
175 146 172
175 166 3
175 190 5
176 21 101
176 30 46
176 34 156
176 37 6
176 42 129
176 61 32
176 68 176
176 90 4
176 107 189
176 125 122
176 131 89
176 138 130
176 143 33
176 160 181
176 182 106
177 7 28
177 26 78
177 41 156
177 69 174
177 90 153
177 92 163
177 93 63
177 101 151
177 103 105
177 106 118
177 108 14
177 165 99
177 198 53
178 24 189
178 42 195
178 106 32
178 124 70
178 130 61
178 137 82
178 154 62
178 155 139
178 166 144
178 173 25
179 27 181
179 40 95
179 60 66
179 66 137
179 80 7
179 90 137
179 98 66
179 101 190
179 103 175
179 129 179
179 142 180
179 164 77
179 181 167
179 183 166
179 186 77
180 2 133
180 9 160
180 13 74
180 25 81
180 39 186
180 54 123
180 66 183
180 96 168
180 97 68
180 126 142
180 128 51
180 158 91
180 163 136
181 2 123
181 12 4
181 14 139
181 18 23
181 40 65
181 53 169
181 71 196
181 97 92
181 115 156
181 145 21
181 153 12
181 179 167
182 1 191
182 4 132
182 15 108
182 17 68
182 22 161
182 24 27
182 27 133
182 51 75
182 67 10
182 78 179
182 82 68
182 89 148
182 103 49
182 150 9
182 161 169
182 176 106
182 191 13
182 198 165
183 33 181
183 43 127
183 69 73
183 78 125
183 81 120
183 131 31
183 135 33
183 179 166
183 185 51
183 195 30
183 197 97
184 39 34
184 40 36
184 97 98
184 105 78
184 110 93
184 195 53
185 10 184
185 32 95
185 34 152
185 39 42
185 56 95
185 63 45
185 75 9
185 81 159
185 94 180
185 99 89
185 132 193
185 162 197
185 169 79
185 183 51
186 10 55
186 30 56
186 49 46
186 74 59
186 99 188
186 120 80
186 124 13
186 133 53
186 172 78
186 179 77
186 195 94
187 25 110
187 47 15
187 85 100
188 70 3
188 87 37
188 88 112
188 89 77
188 116 72
188 135 29
188 137 95
188 138 30
189 22 4
189 37 162
189 40 54
189 61 110
189 113 87
189 120 184
189 122 1
190 3 32
190 22 89
190 54 78
190 73 41
190 78 69
190 88 71
190 95 197
190 102 120
190 103 151
190 133 60
190 135 194
190 152 149
190 174 111
190 175 5
190 196 11
191 19 51
191 26 86
191 53 120
191 72 197
191 137 149
191 156 112
191 170 24
191 182 13
192 9 199
192 28 98
192 39 143
192 85 19
192 97 22
192 116 19
192 118 128
192 121 135
193 17 120
193 20 94
193 26 85
193 32 44
193 47 139
193 48 186
193 65 103
193 79 142
193 83 39
193 119 60
193 125 164
193 145 16
193 172 198
194 3 83
194 4 116
194 17 138
194 43 102
194 48 130
194 100 147
194 101 61
195 53 162
195 114 89
195 137 117
195 150 29
195 160 56
195 183 30
195 184 53
195 186 94
196 9 67
196 30 95
196 34 110
196 44 61
196 100 77
196 137 132
196 147 119
196 190 11
197 9 141
197 25 85
197 32 117
197 48 36
197 64 62
197 96 34
197 156 196
197 172 183
197 183 97
198 13 133
198 20 184
198 41 98
198 53 125
198 83 72
198 92 160
198 113 39
198 118 190
198 121 64
198 130 117
198 140 57
198 177 53
198 182 165
7 t 2
22 t 94
84 t 139
98 t 115
128 t 144
154 t 98
